513 2  1 18
514 2  1 62
515 2  1 147
516 2  2 17
517 2  2 20
518 2  2 64
519 2  3 17
520 2  3 18
521 2  3 21
522 2  4 18
523 2  4 22
524 2  4 151
525 2  5 19
526 2  5 20
527 2  5 23
528 2  6 20
529 2  6 21
530 2  6 24
531 2  7 21
532 2  7 22
533 2  7 25
534 2  8 22
535 2  8 26
536 2  8 155
537 2  9 23
538 2  9 24
539 2  9 27
540 2  10 24
541 2  10 25
542 2  10 28
543 2  11 25
544 2  11 26
545 2  11 29
546 2  12 26
547 2  12 30
548 2  12 159
549 2  13 27
550 2  13 28
551 2  13 31
552 2  14 28
553 2  14 29
554 2  14 32
555 2  15 29
556 2  15 30
557 2  15 113
558 2  16 31
559 2  16 32
560 2  16 115
561 2  17 47
562 2  19 48
563 2  19 385
564 2  23 388
565 2  27 392
566 2  30 97
567 2  31 396
568 2  32 98
569 2  33 50
570 2  33 94
571 2  33 179
572 2  34 49
573 2  34 52
574 2  34 96
575 2  35 49
576 2  35 50
577 2  35 53
578 2  36 50
579 2  36 54
580 2  36 183
581 2  37 51
582 2  37 52
583 2  37 55
584 2  38 52
585 2  38 53
586 2  38 56
587 2  39 53
588 2  39 54
589 2  39 57
590 2  40 54
591 2  40 58
592 2  40 187
593 2  41 55
594 2  41 56
595 2  41 59
596 2  42 56
597 2  42 57
598 2  42 60
599 2  43 57
600 2  43 58
601 2  43 61
602 2  44 58
603 2  44 62
604 2  44 191
605 2  45 59
606 2  45 60
607 2  45 63
608 2  46 60
609 2  46 61
610 2  46 64
611 2  47 61
612 2  47 62
613 2  48 63
614 2  48 64
615 2  49 79
616 2  51 80
617 2  51 417
618 2  55 420
619 2  59 424
620 2  63 428
621 2  65 82
622 2  65 126
623 2  65 211
624 2  66 81
625 2  66 84
626 2  66 128
627 2  67 81
628 2  67 82
629 2  67 85
630 2  68 82
631 2  68 86
632 2  68 215
633 2  69 83
634 2  69 84
635 2  69 87
636 2  70 84
637 2  70 85
638 2  70 88
639 2  71 85
640 2  71 86
641 2  71 89
642 2  72 86
643 2  72 90
644 2  72 219
645 2  73 87
646 2  73 88
647 2  73 91
648 2  74 88
649 2  74 89
650 2  74 92
651 2  75 89
652 2  75 90
653 2  75 93
654 2  76 90
655 2  76 94
656 2  76 223
657 2  77 91
658 2  77 92
659 2  77 95
660 2  78 92
661 2  78 93
662 2  78 96
663 2  79 93
664 2  79 94
665 2  80 95
666 2  80 96
667 2  81 111
668 2  83 112
669 2  83 449
670 2  87 452
671 2  91 456
672 2  95 460
673 2  97 114
674 2  97 243
675 2  98 113
676 2  98 116
677 2  99 113
678 2  99 114
679 2  99 117
680 2  100 114
681 2  100 118
682 2  100 247
683 2  101 115
684 2  101 116
685 2  101 119
686 2  102 116
687 2  102 117
688 2  102 120
689 2  103 117
690 2  103 118
691 2  103 121
692 2  104 118
693 2  104 122
694 2  104 251
695 2  105 119
696 2  105 120
697 2  105 123
698 2  106 120
699 2  106 121
700 2  106 124
701 2  107 121
702 2  107 122
703 2  107 125
704 2  108 122
705 2  108 126
706 2  108 255
707 2  109 123
708 2  109 124
709 2  109 127
710 2  110 124
711 2  110 125
712 2  110 128
713 2  111 125
714 2  111 126
715 2  112 127
716 2  112 128
717 2  115 481
718 2  119 484
719 2  123 488
720 2  127 492
721 2  129 146
722 2  129 190
723 2  129 275
724 2  130 145
725 2  130 148
726 2  130 192
727 2  131 145
728 2  131 146
729 2  131 149
730 2  132 146
731 2  132 150
732 2  132 279
733 2  133 147
734 2  133 148
735 2  133 151
736 2  134 148
737 2  134 149
738 2  134 152
739 2  135 149
740 2  135 150
741 2  135 153
742 2  136 150
743 2  136 154
744 2  136 283
745 2  137 151
746 2  137 152
747 2  137 155
748 2  138 152
749 2  138 153
750 2  138 156
751 2  139 153
752 2  139 154
753 2  139 157
754 2  140 154
755 2  140 158
756 2  140 287
757 2  141 155
758 2  141 156
759 2  141 159
760 2  142 156
761 2  142 157
762 2  142 160
763 2  143 157
764 2  143 158
765 2  143 241
766 2  144 159
767 2  144 160
768 2  144 243
769 2  145 175
770 2  147 176
771 2  158 225
772 2  160 226
773 2  161 178
774 2  161 222
775 2  161 307
776 2  162 177
777 2  162 180
778 2  162 224
779 2  163 177
780 2  163 178
781 2  163 181
782 2  164 178
783 2  164 182
784 2  164 311
785 2  165 179
786 2  165 180
787 2  165 183
788 2  166 180
789 2  166 181
790 2  166 184
791 2  167 181
792 2  167 182
793 2  167 185
794 2  168 182
795 2  168 186
796 2  168 315
797 2  169 183
798 2  169 184
799 2  169 187
800 2  170 184
801 2  170 185
802 2  170 188
803 2  171 185
804 2  171 186
805 2  171 189
806 2  172 186
807 2  172 190
808 2  172 319
809 2  173 187
810 2  173 188
811 2  173 191
812 2  174 188
813 2  174 189
814 2  174 192
815 2  175 189
816 2  175 190
817 2  176 191
818 2  176 192
819 2  177 207
820 2  179 208
821 2  193 210
822 2  193 254
823 2  193 339
824 2  194 209
825 2  194 212
826 2  194 256
827 2  195 209
828 2  195 210
829 2  195 213
830 2  196 210
831 2  196 214
832 2  196 343
833 2  197 211
834 2  197 212
835 2  197 215
836 2  198 212
837 2  198 213
838 2  198 216
839 2  199 213
840 2  199 214
841 2  199 217
842 2  200 214
843 2  200 218
844 2  200 347
845 2  201 215
846 2  201 216
847 2  201 219
848 2  202 216
849 2  202 217
850 2  202 220
851 2  203 217
852 2  203 218
853 2  203 221
854 2  204 218
855 2  204 222
856 2  204 351
857 2  205 219
858 2  205 220
859 2  205 223
860 2  206 220
861 2  206 221
862 2  206 224
863 2  207 221
864 2  207 222
865 2  208 223
866 2  208 224
867 2  209 239
868 2  211 240
869 2  225 242
870 2  225 371
871 2  226 241
872 2  226 244
873 2  227 241
874 2  227 242
875 2  227 245
876 2  228 242
877 2  228 246
878 2  228 375
879 2  229 243
880 2  229 244
881 2  229 247
882 2  230 244
883 2  230 245
884 2  230 248
885 2  231 245
886 2  231 246
887 2  231 249
888 2  232 246
889 2  232 250
890 2  232 379
891 2  233 247
892 2  233 248
893 2  233 251
894 2  234 248
895 2  234 249
896 2  234 252
897 2  235 249
898 2  235 250
899 2  235 253
900 2  236 250
901 2  236 254
902 2  236 383
903 2  237 251
904 2  237 252
905 2  237 255
906 2  238 252
907 2  238 253
908 2  238 256
909 2  239 253
910 2  239 254
911 2  240 255
912 2  240 256
913 2  257 274
914 2  257 318
915 2  257 403
916 2  258 273
917 2  258 276
918 2  258 320
919 2  259 273
920 2  259 274
921 2  259 277
922 2  260 274
923 2  260 278
924 2  260 407
925 2  261 275
926 2  261 276
927 2  261 279
928 2  262 276
929 2  262 277
930 2  262 280
931 2  263 277
932 2  263 278
933 2  263 281
934 2  264 278
935 2  264 282
936 2  264 411
937 2  265 279
938 2  265 280
939 2  265 283
940 2  266 280
941 2  266 281
942 2  266 284
943 2  267 281
944 2  267 282
945 2  267 285
946 2  268 282
947 2  268 286
948 2  268 415
949 2  269 283
950 2  269 284
951 2  269 287
952 2  270 284
953 2  270 285
954 2  270 288
955 2  271 285
956 2  271 286
957 2  271 369
958 2  272 287
959 2  272 288
960 2  272 371
961 2  273 303
962 2  275 304
963 2  286 353
964 2  288 354
965 2  289 306
966 2  289 350
967 2  289 435
968 2  290 305
969 2  290 308
970 2  290 352
971 2  291 305
972 2  291 306
973 2  291 309
974 2  292 306
975 2  292 310
976 2  292 439
977 2  293 307
978 2  293 308
979 2  293 311
980 2  294 308
981 2  294 309
982 2  294 312
983 2  295 309
984 2  295 310
985 2  295 313
986 2  296 310
987 2  296 314
988 2  296 443
989 2  297 311
990 2  297 312
991 2  297 315
992 2  298 312
993 2  298 313
994 2  298 316
995 2  299 313
996 2  299 314
997 2  299 317
998 2  300 314
999 2  300 318
1000 2  300 447
1001 2  301 315
1002 2  301 316
1003 2  301 319
1004 2  302 316
1005 2  302 317
1006 2  302 320
1007 2  303 317
1008 2  303 318
1009 2  304 319
1010 2  304 320
1011 2  305 335
1012 2  307 336
1013 2  321 338
1014 2  321 382
1015 2  321 467
1016 2  322 337
1017 2  322 340
1018 2  322 384
1019 2  323 337
1020 2  323 338
1021 2  323 341
1022 2  324 338
1023 2  324 342
1024 2  324 471
1025 2  325 339
1026 2  325 340
1027 2  325 343
1028 2  326 340
1029 2  326 341
1030 2  326 344
1031 2  327 341
1032 2  327 342
1033 2  327 345
1034 2  328 342
1035 2  328 346
1036 2  328 475
1037 2  329 343
1038 2  329 344
1039 2  329 347
1040 2  330 344
1041 2  330 345
1042 2  330 348
1043 2  331 345
1044 2  331 346
1045 2  331 349
1046 2  332 346
1047 2  332 350
1048 2  332 479
1049 2  333 347
1050 2  333 348
1051 2  333 351
1052 2  334 348
1053 2  334 349
1054 2  334 352
1055 2  335 349
1056 2  335 350
1057 2  336 351
1058 2  336 352
1059 2  337 367
1060 2  339 368
1061 2  353 370
1062 2  353 499
1063 2  354 369
1064 2  354 372
1065 2  355 369
1066 2  355 370
1067 2  355 373
1068 2  356 370
1069 2  356 374
1070 2  356 503
1071 2  357 371
1072 2  357 372
1073 2  357 375
1074 2  358 372
1075 2  358 373
1076 2  358 376
1077 2  359 373
1078 2  359 374
1079 2  359 377
1080 2  360 374
1081 2  360 378
1082 2  360 507
1083 2  361 375
1084 2  361 376
1085 2  361 379
1086 2  362 376
1087 2  362 377
1088 2  362 380
1089 2  363 377
1090 2  363 378
1091 2  363 381
1092 2  364 378
1093 2  364 382
1094 2  364 511
1095 2  365 379
1096 2  365 380
1097 2  365 383
1098 2  366 380
1099 2  366 381
1100 2  366 384
1101 2  367 381
1102 2  367 382
1103 2  368 383
1104 2  368 384
1105 2  385 402
1106 2  385 446
1107 2  386 401
1108 2  386 404
1109 2  386 448
1110 2  387 401
1111 2  387 402
1112 2  387 405
1113 2  388 402
1114 2  388 406
1115 2  389 403
1116 2  389 404
1117 2  389 407
1118 2  390 404
1119 2  390 405
1120 2  390 408
1121 2  391 405
1122 2  391 406
1123 2  391 409
1124 2  392 406
1125 2  392 410
1126 2  393 407
1127 2  393 408
1128 2  393 411
1129 2  394 408
1130 2  394 409
1131 2  394 412
1132 2  395 409
1133 2  395 410
1134 2  395 413
1135 2  396 410
1136 2  396 414
1137 2  397 411
1138 2  397 412
1139 2  397 415
1140 2  398 412
1141 2  398 413
1142 2  398 416
1143 2  399 413
1144 2  399 414
1145 2  399 497
1146 2  400 415
1147 2  400 416
1148 2  400 499
1149 2  401 431
1150 2  403 432
1151 2  414 481
1152 2  416 482
1153 2  417 434
1154 2  417 478
1155 2  418 433
1156 2  418 436
1157 2  418 480
1158 2  419 433
1159 2  419 434
1160 2  419 437
1161 2  420 434
1162 2  420 438
1163 2  421 435
1164 2  421 436
1165 2  421 439
1166 2  422 436
1167 2  422 437
1168 2  422 440
1169 2  423 437
1170 2  423 438
1171 2  423 441
1172 2  424 438
1173 2  424 442
1174 2  425 439
1175 2  425 440
1176 2  425 443
1177 2  426 440
1178 2  426 441
1179 2  426 444
1180 2  427 441
1181 2  427 442
1182 2  427 445
1183 2  428 442
1184 2  428 446
1185 2  429 443
1186 2  429 444
1187 2  429 447
1188 2  430 444
1189 2  430 445
1190 2  430 448
1191 2  431 445
1192 2  431 446
1193 2  432 447
1194 2  432 448
1195 2  433 463
1196 2  435 464
1197 2  449 466
1198 2  449 510
1199 2  450 465
1200 2  450 468
1201 2  450 512
1202 2  451 465
1203 2  451 466
1204 2  451 469
1205 2  452 466
1206 2  452 470
1207 2  453 467
1208 2  453 468
1209 2  453 471
1210 2  454 468
1211 2  454 469
1212 2  454 472
1213 2  455 469
1214 2  455 470
1215 2  455 473
1216 2  456 470
1217 2  456 474
1218 2  457 471
1219 2  457 472
1220 2  457 475
1221 2  458 472
1222 2  458 473
1223 2  458 476
1224 2  459 473
1225 2  459 474
1226 2  459 477
1227 2  460 474
1228 2  460 478
1229 2  461 475
1230 2  461 476
1231 2  461 479
1232 2  462 476
1233 2  462 477
1234 2  462 480
1235 2  463 477
1236 2  463 478
1237 2  464 479
1238 2  464 480
1239 2  465 495
1240 2  467 496
1241 2  481 498
1242 2  482 497
1243 2  482 500
1244 2  483 497
1245 2  483 498
1246 2  483 501
1247 2  484 498
1248 2  484 502
1249 2  485 499
1250 2  485 500
1251 2  485 503
1252 2  486 500
1253 2  486 501
1254 2  486 504
1255 2  487 501
1256 2  487 502
1257 2  487 505
1258 2  488 502
1259 2  488 506
1260 2  489 503
1261 2  489 504
1262 2  489 507
1263 2  490 504
1264 2  490 505
1265 2  490 508
1266 2  491 505
1267 2  491 506
1268 2  491 509
1269 2  492 506
1270 2  492 510
1271 2  493 507
1272 2  493 508
1273 2  493 511
1274 2  494 508
1275 2  494 509
1276 2  494 512
1277 2  495 509
1278 2  495 510
1279 2  496 511
1280 2  496 512
1281 2  1817 1834
1282 2  1817 1878
1283 2  1817 1963
1284 2  1818 1833
1285 2  1818 1836
1286 2  1818 1880
1287 2  1819 1833
1288 2  1819 1834
1289 2  1819 1837
1290 2  1820 1834
1291 2  1820 1838
1292 2  1820 1967
1293 2  1821 1835
1294 2  1821 1836
1295 2  1821 1839
1296 2  1822 1836
1297 2  1822 1837
1298 2  1822 1840
1299 2  1823 1837
1300 2  1823 1838
1301 2  1823 1841
1302 2  1824 1838
1303 2  1824 1842
1304 2  1824 1971
1305 2  1825 1839
1306 2  1825 1840
1307 2  1825 1843
1308 2  1826 1840
1309 2  1826 1841
1310 2  1826 1844
1311 2  1827 1841
1312 2  1827 1842
1313 2  1827 1845
1314 2  1828 1842
1315 2  1828 1846
1316 2  1828 1975
1317 2  1829 1843
1318 2  1829 1844
1319 2  1829 1847
1320 2  1830 1844
1321 2  1830 1845
1322 2  1830 1848
1323 2  1831 1845
1324 2  1831 1846
1325 2  1831 1929
1326 2  1832 1847
1327 2  1832 1848
1328 2  1832 1931
1329 2  1833 1863
1330 2  1835 1864
1331 2  1835 2201
1332 2  1839 2204
1333 2  1843 2208
1334 2  1846 1913
1335 2  1847 2212
1336 2  1848 1914
1337 2  1849 1866
1338 2  1849 1910
1339 2  1849 1995
1340 2  1850 1865
1341 2  1850 1868
1342 2  1850 1912
1343 2  1851 1865
1344 2  1851 1866
1345 2  1851 1869
1346 2  1852 1866
1347 2  1852 1870
1348 2  1852 1999
1349 2  1853 1867
1350 2  1853 1868
1351 2  1853 1871
1352 2  1854 1868
1353 2  1854 1869
1354 2  1854 1872
1355 2  1855 1869
1356 2  1855 1870
1357 2  1855 1873
1358 2  1856 1870
1359 2  1856 1874
1360 2  1856 2003
1361 2  1857 1871
1362 2  1857 1872
1363 2  1857 1875
1364 2  1858 1872
1365 2  1858 1873
1366 2  1858 1876
1367 2  1859 1873
1368 2  1859 1874
1369 2  1859 1877
1370 2  1860 1874
1371 2  1860 1878
1372 2  1860 2007
1373 2  1861 1875
1374 2  1861 1876
1375 2  1861 1879
1376 2  1862 1876
1377 2  1862 1877
1378 2  1862 1880
1379 2  1863 1877
1380 2  1863 1878
1381 2  1864 1879
1382 2  1864 1880
1383 2  1865 1895
1384 2  1867 1896
1385 2  1867 2233
1386 2  1871 2236
1387 2  1875 2240
1388 2  1879 2244
1389 2  1881 1898
1390 2  1881 1942
1391 2  1881 2027
1392 2  1882 1897
1393 2  1882 1900
1394 2  1882 1944
1395 2  1883 1897
1396 2  1883 1898
1397 2  1883 1901
1398 2  1884 1898
1399 2  1884 1902
1400 2  1884 2031
1401 2  1885 1899
1402 2  1885 1900
1403 2  1885 1903
1404 2  1886 1900
1405 2  1886 1901
1406 2  1886 1904
1407 2  1887 1901
1408 2  1887 1902
1409 2  1887 1905
1410 2  1888 1902
1411 2  1888 1906
1412 2  1888 2035
1413 2  1889 1903
1414 2  1889 1904
1415 2  1889 1907
1416 2  1890 1904
1417 2  1890 1905
1418 2  1890 1908
1419 2  1891 1905
1420 2  1891 1906
1421 2  1891 1909
1422 2  1892 1906
1423 2  1892 1910
1424 2  1892 2039
1425 2  1893 1907
1426 2  1893 1908
1427 2  1893 1911
1428 2  1894 1908
1429 2  1894 1909
1430 2  1894 1912
1431 2  1895 1909
1432 2  1895 1910
1433 2  1896 1911
1434 2  1896 1912
1435 2  1897 1927
1436 2  1899 1928
1437 2  1899 2265
1438 2  1903 2268
1439 2  1907 2272
1440 2  1911 2276
1441 2  1913 1930
1442 2  1913 2059
1443 2  1914 1929
1444 2  1914 1932
1445 2  1915 1929
1446 2  1915 1930
1447 2  1915 1933
1448 2  1916 1930
1449 2  1916 1934
1450 2  1916 2063
1451 2  1917 1931
1452 2  1917 1932
1453 2  1917 1935
1454 2  1918 1932
1455 2  1918 1933
1456 2  1918 1936
1457 2  1919 1933
1458 2  1919 1934
1459 2  1919 1937
1460 2  1920 1934
1461 2  1920 1938
1462 2  1920 2067
1463 2  1921 1935
1464 2  1921 1936
1465 2  1921 1939
1466 2  1922 1936
1467 2  1922 1937
1468 2  1922 1940
1469 2  1923 1937
1470 2  1923 1938
1471 2  1923 1941
1472 2  1924 1938
1473 2  1924 1942
1474 2  1924 2071
1475 2  1925 1939
1476 2  1925 1940
1477 2  1925 1943
1478 2  1926 1940
1479 2  1926 1941
1480 2  1926 1944
1481 2  1927 1941
1482 2  1927 1942
1483 2  1928 1943
1484 2  1928 1944
1485 2  1931 2297
1486 2  1935 2300
1487 2  1939 2304
1488 2  1943 2308
1489 2  1945 1962
1490 2  1945 2006
1491 2  1945 2091
1492 2  1946 1961
1493 2  1946 1964
1494 2  1946 2008
1495 2  1947 1961
1496 2  1947 1962
1497 2  1947 1965
1498 2  1948 1962
1499 2  1948 1966
1500 2  1948 2095
1501 2  1949 1963
1502 2  1949 1964
1503 2  1949 1967
1504 2  1950 1964
1505 2  1950 1965
1506 2  1950 1968
1507 2  1951 1965
1508 2  1951 1966
1509 2  1951 1969
1510 2  1952 1966
1511 2  1952 1970
1512 2  1952 2099
1513 2  1953 1967
1514 2  1953 1968
1515 2  1953 1971
1516 2  1954 1968
1517 2  1954 1969
1518 2  1954 1972
1519 2  1955 1969
1520 2  1955 1970
1521 2  1955 1973
1522 2  1956 1970
1523 2  1956 1974
1524 2  1956 2103
1525 2  1957 1971
1526 2  1957 1972
1527 2  1957 1975
1528 2  1958 1972
1529 2  1958 1973
1530 2  1958 1976
1531 2  1959 1973
1532 2  1959 1974
1533 2  1959 2057
1534 2  1960 1975
1535 2  1960 1976
1536 2  1960 2059
1537 2  1961 1991
1538 2  1963 1992
1539 2  1974 2041
1540 2  1976 2042
1541 2  1977 1994
1542 2  1977 2038
1543 2  1977 2123
1544 2  1978 1993
1545 2  1978 1996
1546 2  1978 2040
1547 2  1979 1993
1548 2  1979 1994
1549 2  1979 1997
1550 2  1980 1994
1551 2  1980 1998
1552 2  1980 2127
1553 2  1981 1995
1554 2  1981 1996
1555 2  1981 1999
1556 2  1982 1996
1557 2  1982 1997
1558 2  1982 2000
1559 2  1983 1997
1560 2  1983 1998
1561 2  1983 2001
1562 2  1984 1998
1563 2  1984 2002
1564 2  1984 2131
1565 2  1985 1999
1566 2  1985 2000
1567 2  1985 2003
1568 2  1986 2000
1569 2  1986 2001
1570 2  1986 2004
1571 2  1987 2001
1572 2  1987 2002
1573 2  1987 2005
1574 2  1988 2002
1575 2  1988 2006
1576 2  1988 2135
1577 2  1989 2003
1578 2  1989 2004
1579 2  1989 2007
1580 2  1990 2004
1581 2  1990 2005
1582 2  1990 2008
1583 2  1991 2005
1584 2  1991 2006
1585 2  1992 2007
1586 2  1992 2008
1587 2  1993 2023
1588 2  1995 2024
1589 2  2009 2026
1590 2  2009 2070
1591 2  2009 2155
1592 2  2010 2025
1593 2  2010 2028
1594 2  2010 2072
1595 2  2011 2025
1596 2  2011 2026
1597 2  2011 2029
1598 2  2012 2026
1599 2  2012 2030
1600 2  2012 2159
1601 2  2013 2027
1602 2  2013 2028
1603 2  2013 2031
1604 2  2014 2028
1605 2  2014 2029
1606 2  2014 2032
1607 2  2015 2029
1608 2  2015 2030
1609 2  2015 2033
1610 2  2016 2030
1611 2  2016 2034
1612 2  2016 2163
1613 2  2017 2031
1614 2  2017 2032
1615 2  2017 2035
1616 2  2018 2032
1617 2  2018 2033
1618 2  2018 2036
1619 2  2019 2033
1620 2  2019 2034
1621 2  2019 2037
1622 2  2020 2034
1623 2  2020 2038
1624 2  2020 2167
1625 2  2021 2035
1626 2  2021 2036
1627 2  2021 2039
1628 2  2022 2036
1629 2  2022 2037
1630 2  2022 2040
1631 2  2023 2037
1632 2  2023 2038
1633 2  2024 2039
1634 2  2024 2040
1635 2  2025 2055
1636 2  2027 2056
1637 2  2041 2058
1638 2  2041 2187
1639 2  2042 2057
1640 2  2042 2060
1641 2  2043 2057
1642 2  2043 2058
1643 2  2043 2061
1644 2  2044 2058
1645 2  2044 2062
1646 2  2044 2191
1647 2  2045 2059
1648 2  2045 2060
1649 2  2045 2063
1650 2  2046 2060
1651 2  2046 2061
1652 2  2046 2064
1653 2  2047 2061
1654 2  2047 2062
1655 2  2047 2065
1656 2  2048 2062
1657 2  2048 2066
1658 2  2048 2195
1659 2  2049 2063
1660 2  2049 2064
1661 2  2049 2067
1662 2  2050 2064
1663 2  2050 2065
1664 2  2050 2068
1665 2  2051 2065
1666 2  2051 2066
1667 2  2051 2069
1668 2  2052 2066
1669 2  2052 2070
1670 2  2052 2199
1671 2  2053 2067
1672 2  2053 2068
1673 2  2053 2071
1674 2  2054 2068
1675 2  2054 2069
1676 2  2054 2072
1677 2  2055 2069
1678 2  2055 2070
1679 2  2056 2071
1680 2  2056 2072
1681 2  2073 2090
1682 2  2073 2134
1683 2  2073 2219
1684 2  2074 2089
1685 2  2074 2092
1686 2  2074 2136
1687 2  2075 2089
1688 2  2075 2090
1689 2  2075 2093
1690 2  2076 2090
1691 2  2076 2094
1692 2  2076 2223
1693 2  2077 2091
1694 2  2077 2092
1695 2  2077 2095
1696 2  2078 2092
1697 2  2078 2093
1698 2  2078 2096
1699 2  2079 2093
1700 2  2079 2094
1701 2  2079 2097
1702 2  2080 2094
1703 2  2080 2098
1704 2  2080 2227
1705 2  2081 2095
1706 2  2081 2096
1707 2  2081 2099
1708 2  2082 2096
1709 2  2082 2097
1710 2  2082 2100
1711 2  2083 2097
1712 2  2083 2098
1713 2  2083 2101
1714 2  2084 2098
1715 2  2084 2102
1716 2  2084 2231
1717 2  2085 2099
1718 2  2085 2100
1719 2  2085 2103
1720 2  2086 2100
1721 2  2086 2101
1722 2  2086 2104
1723 2  2087 2101
1724 2  2087 2102
1725 2  2087 2185
1726 2  2088 2103
1727 2  2088 2104
1728 2  2088 2187
1729 2  2089 2119
1730 2  2091 2120
1731 2  2102 2169
1732 2  2104 2170
1733 2  2105 2122
1734 2  2105 2166
1735 2  2105 2251
1736 2  2106 2121
1737 2  2106 2124
1738 2  2106 2168
1739 2  2107 2121
1740 2  2107 2122
1741 2  2107 2125
1742 2  2108 2122
1743 2  2108 2126
1744 2  2108 2255
1745 2  2109 2123
1746 2  2109 2124
1747 2  2109 2127
1748 2  2110 2124
1749 2  2110 2125
1750 2  2110 2128
1751 2  2111 2125
1752 2  2111 2126
1753 2  2111 2129
1754 2  2112 2126
1755 2  2112 2130
1756 2  2112 2259
1757 2  2113 2127
1758 2  2113 2128
1759 2  2113 2131
1760 2  2114 2128
1761 2  2114 2129
1762 2  2114 2132
1763 2  2115 2129
1764 2  2115 2130
1765 2  2115 2133
1766 2  2116 2130
1767 2  2116 2134
1768 2  2116 2263
1769 2  2117 2131
1770 2  2117 2132
1771 2  2117 2135
1772 2  2118 2132
1773 2  2118 2133
1774 2  2118 2136
1775 2  2119 2133
1776 2  2119 2134
1777 2  2120 2135
1778 2  2120 2136
1779 2  2121 2151
1780 2  2123 2152
1781 2  2137 2154
1782 2  2137 2198
1783 2  2137 2283
1784 2  2138 2153
1785 2  2138 2156
1786 2  2138 2200
1787 2  2139 2153
1788 2  2139 2154
1789 2  2139 2157
1790 2  2140 2154
1791 2  2140 2158
1792 2  2140 2287
1793 2  2141 2155
1794 2  2141 2156
1795 2  2141 2159
1796 2  2142 2156
1797 2  2142 2157
1798 2  2142 2160
1799 2  2143 2157
1800 2  2143 2158
1801 2  2143 2161
1802 2  2144 2158
1803 2  2144 2162
1804 2  2144 2291
1805 2  2145 2159
1806 2  2145 2160
1807 2  2145 2163
1808 2  2146 2160
1809 2  2146 2161
1810 2  2146 2164
1811 2  2147 2161
1812 2  2147 2162
1813 2  2147 2165
1814 2  2148 2162
1815 2  2148 2166
1816 2  2148 2295
1817 2  2149 2163
1818 2  2149 2164
1819 2  2149 2167
1820 2  2150 2164
1821 2  2150 2165
1822 2  2150 2168
1823 2  2151 2165
1824 2  2151 2166
1825 2  2152 2167
1826 2  2152 2168
1827 2  2153 2183
1828 2  2155 2184
1829 2  2169 2186
1830 2  2169 2315
1831 2  2170 2185
1832 2  2170 2188
1833 2  2171 2185
1834 2  2171 2186
1835 2  2171 2189
1836 2  2172 2186
1837 2  2172 2190
1838 2  2172 2319
1839 2  2173 2187
1840 2  2173 2188
1841 2  2173 2191
1842 2  2174 2188
1843 2  2174 2189
1844 2  2174 2192
1845 2  2175 2189
1846 2  2175 2190
1847 2  2175 2193
1848 2  2176 2190
1849 2  2176 2194
1850 2  2176 2323
1851 2  2177 2191
1852 2  2177 2192
1853 2  2177 2195
1854 2  2178 2192
1855 2  2178 2193
1856 2  2178 2196
1857 2  2179 2193
1858 2  2179 2194
1859 2  2179 2197
1860 2  2180 2194
1861 2  2180 2198
1862 2  2180 2327
1863 2  2181 2195
1864 2  2181 2196
1865 2  2181 2199
1866 2  2182 2196
1867 2  2182 2197
1868 2  2182 2200
1869 2  2183 2197
1870 2  2183 2198
1871 2  2184 2199
1872 2  2184 2200
1873 2  2201 2218
1874 2  2201 2262
1875 2  2202 2217
1876 2  2202 2220
1877 2  2202 2264
1878 2  2203 2217
1879 2  2203 2218
1880 2  2203 2221
1881 2  2204 2218
1882 2  2204 2222
1883 2  2205 2219
1884 2  2205 2220
1885 2  2205 2223
1886 2  2206 2220
1887 2  2206 2221
1888 2  2206 2224
1889 2  2207 2221
1890 2  2207 2222
1891 2  2207 2225
1892 2  2208 2222
1893 2  2208 2226
1894 2  2209 2223
1895 2  2209 2224
1896 2  2209 2227
1897 2  2210 2224
1898 2  2210 2225
1899 2  2210 2228
1900 2  2211 2225
1901 2  2211 2226
1902 2  2211 2229
1903 2  2212 2226
1904 2  2212 2230
1905 2  2213 2227
1906 2  2213 2228
1907 2  2213 2231
1908 2  2214 2228
1909 2  2214 2229
1910 2  2214 2232
1911 2  2215 2229
1912 2  2215 2230
1913 2  2215 2313
1914 2  2216 2231
1915 2  2216 2232
1916 2  2216 2315
1917 2  2217 2247
1918 2  2219 2248
1919 2  2230 2297
1920 2  2232 2298
1921 2  2233 2250
1922 2  2233 2294
1923 2  2234 2249
1924 2  2234 2252
1925 2  2234 2296
1926 2  2235 2249
1927 2  2235 2250
1928 2  2235 2253
1929 2  2236 2250
1930 2  2236 2254
1931 2  2237 2251
1932 2  2237 2252
1933 2  2237 2255
1934 2  2238 2252
1935 2  2238 2253
1936 2  2238 2256
1937 2  2239 2253
1938 2  2239 2254
1939 2  2239 2257
1940 2  2240 2254
1941 2  2240 2258
1942 2  2241 2255
1943 2  2241 2256
1944 2  2241 2259
1945 2  2242 2256
1946 2  2242 2257
1947 2  2242 2260
1948 2  2243 2257
1949 2  2243 2258
1950 2  2243 2261
1951 2  2244 2258
1952 2  2244 2262
1953 2  2245 2259
1954 2  2245 2260
1955 2  2245 2263
1956 2  2246 2260
1957 2  2246 2261
1958 2  2246 2264
1959 2  2247 2261
1960 2  2247 2262
1961 2  2248 2263
1962 2  2248 2264
1963 2  2249 2279
1964 2  2251 2280
1965 2  2265 2282
1966 2  2265 2326
1967 2  2266 2281
1968 2  2266 2284
1969 2  2266 2328
1970 2  2267 2281
1971 2  2267 2282
1972 2  2267 2285
1973 2  2268 2282
1974 2  2268 2286
1975 2  2269 2283
1976 2  2269 2284
1977 2  2269 2287
1978 2  2270 2284
1979 2  2270 2285
1980 2  2270 2288
1981 2  2271 2285
1982 2  2271 2286
1983 2  2271 2289
1984 2  2272 2286
1985 2  2272 2290
1986 2  2273 2287
1987 2  2273 2288
1988 2  2273 2291
1989 2  2274 2288
1990 2  2274 2289
1991 2  2274 2292
1992 2  2275 2289
1993 2  2275 2290
1994 2  2275 2293
1995 2  2276 2290
1996 2  2276 2294
1997 2  2277 2291
1998 2  2277 2292
1999 2  2277 2295
2000 2  2278 2292
2001 2  2278 2293
2002 2  2278 2296
2003 2  2279 2293
2004 2  2279 2294
2005 2  2280 2295
2006 2  2280 2296
2007 2  2281 2311
2008 2  2283 2312
2009 2  2297 2314
2010 2  2298 2313
2011 2  2298 2316
2012 2  2299 2313
2013 2  2299 2314
2014 2  2299 2317
2015 2  2300 2314
2016 2  2300 2318
2017 2  2301 2315
2018 2  2301 2316
2019 2  2301 2319
2020 2  2302 2316
2021 2  2302 2317
2022 2  2302 2320
2023 2  2303 2317
2024 2  2303 2318
2025 2  2303 2321
2026 2  2304 2318
2027 2  2304 2322
2028 2  2305 2319
2029 2  2305 2320
2030 2  2305 2323
2031 2  2306 2320
2032 2  2306 2321
2033 2  2306 2324
2034 2  2307 2321
2035 2  2307 2322
2036 2  2307 2325
2037 2  2308 2322
2038 2  2308 2326
2039 2  2309 2323
2040 2  2309 2324
2041 2  2309 2327
2042 2  2310 2324
2043 2  2310 2325
2044 2  2310 2328
2045 2  2311 2325
2046 2  2311 2326
2047 2  2312 2327
2048 2  2312 2328
2049 2  3633 3650
2050 2  3633 3694
2051 2  3633 3779
2052 2  3634 3649
2053 2  3634 3652
2054 2  3634 3696
2055 2  3635 3649
2056 2  3635 3650
2057 2  3635 3653
2058 2  3636 3650
2059 2  3636 3654
2060 2  3636 3783
2061 2  3637 3651
2062 2  3637 3652
2063 2  3637 3655
2064 2  3638 3652
2065 2  3638 3653
2066 2  3638 3656
2067 2  3639 3653
2068 2  3639 3654
2069 2  3639 3657
2070 2  3640 3654
2071 2  3640 3658
2072 2  3640 3787
2073 2  3641 3655
2074 2  3641 3656
2075 2  3641 3659
2076 2  3642 3656
2077 2  3642 3657
2078 2  3642 3660
2079 2  3643 3657
2080 2  3643 3658
2081 2  3643 3661
2082 2  3644 3658
2083 2  3644 3662
2084 2  3644 3791
2085 2  3645 3659
2086 2  3645 3660
2087 2  3645 3663
2088 2  3646 3660
2089 2  3646 3661
2090 2  3646 3664
2091 2  3647 3661
2092 2  3647 3662
2093 2  3647 3745
2094 2  3648 3663
2095 2  3648 3664
2096 2  3648 3747
2097 2  3649 3679
2098 2  3651 3680
2099 2  3651 4017
2100 2  3655 4020
2101 2  3659 4024
2102 2  3662 3729
2103 2  3663 4028
2104 2  3664 3730
2105 2  3665 3682
2106 2  3665 3726
2107 2  3665 3811
2108 2  3666 3681
2109 2  3666 3684
2110 2  3666 3728
2111 2  3667 3681
2112 2  3667 3682
2113 2  3667 3685
2114 2  3668 3682
2115 2  3668 3686
2116 2  3668 3815
2117 2  3669 3683
2118 2  3669 3684
2119 2  3669 3687
2120 2  3670 3684
2121 2  3670 3685
2122 2  3670 3688
2123 2  3671 3685
2124 2  3671 3686
2125 2  3671 3689
2126 2  3672 3686
2127 2  3672 3690
2128 2  3672 3819
2129 2  3673 3687
2130 2  3673 3688
2131 2  3673 3691
2132 2  3674 3688
2133 2  3674 3689
2134 2  3674 3692
2135 2  3675 3689
2136 2  3675 3690
2137 2  3675 3693
2138 2  3676 3690
2139 2  3676 3694
2140 2  3676 3823
2141 2  3677 3691
2142 2  3677 3692
2143 2  3677 3695
2144 2  3678 3692
2145 2  3678 3693
2146 2  3678 3696
2147 2  3679 3693
2148 2  3679 3694
2149 2  3680 3695
2150 2  3680 3696
2151 2  3681 3711
2152 2  3683 3712
2153 2  3683 4049
2154 2  3687 4052
2155 2  3691 4056
2156 2  3695 4060
2157 2  3697 3714
2158 2  3697 3758
2159 2  3697 3843
2160 2  3698 3713
2161 2  3698 3716
2162 2  3698 3760
2163 2  3699 3713
2164 2  3699 3714
2165 2  3699 3717
2166 2  3700 3714
2167 2  3700 3718
2168 2  3700 3847
2169 2  3701 3715
2170 2  3701 3716
2171 2  3701 3719
2172 2  3702 3716
2173 2  3702 3717
2174 2  3702 3720
2175 2  3703 3717
2176 2  3703 3718
2177 2  3703 3721
2178 2  3704 3718
2179 2  3704 3722
2180 2  3704 3851
2181 2  3705 3719
2182 2  3705 3720
2183 2  3705 3723
2184 2  3706 3720
2185 2  3706 3721
2186 2  3706 3724
2187 2  3707 3721
2188 2  3707 3722
2189 2  3707 3725
2190 2  3708 3722
2191 2  3708 3726
2192 2  3708 3855
2193 2  3709 3723
2194 2  3709 3724
2195 2  3709 3727
2196 2  3710 3724
2197 2  3710 3725
2198 2  3710 3728
2199 2  3711 3725
2200 2  3711 3726
2201 2  3712 3727
2202 2  3712 3728
2203 2  3713 3743
2204 2  3715 3744
2205 2  3715 4081
2206 2  3719 4084
2207 2  3723 4088
2208 2  3727 4092
2209 2  3729 3746
2210 2  3729 3875
2211 2  3730 3745
2212 2  3730 3748
2213 2  3731 3745
2214 2  3731 3746
2215 2  3731 3749
2216 2  3732 3746
2217 2  3732 3750
2218 2  3732 3879
2219 2  3733 3747
2220 2  3733 3748
2221 2  3733 3751
2222 2  3734 3748
2223 2  3734 3749
2224 2  3734 3752
2225 2  3735 3749
2226 2  3735 3750
2227 2  3735 3753
2228 2  3736 3750
2229 2  3736 3754
2230 2  3736 3883
2231 2  3737 3751
2232 2  3737 3752
2233 2  3737 3755
2234 2  3738 3752
2235 2  3738 3753
2236 2  3738 3756
2237 2  3739 3753
2238 2  3739 3754
2239 2  3739 3757
2240 2  3740 3754
2241 2  3740 3758
2242 2  3740 3887
2243 2  3741 3755
2244 2  3741 3756
2245 2  3741 3759
2246 2  3742 3756
2247 2  3742 3757
2248 2  3742 3760
2249 2  3743 3757
2250 2  3743 3758
2251 2  3744 3759
2252 2  3744 3760
2253 2  3747 4113
2254 2  3751 4116
2255 2  3755 4120
2256 2  3759 4124
2257 2  3761 3778
2258 2  3761 3822
2259 2  3761 3907
2260 2  3762 3777
2261 2  3762 3780
2262 2  3762 3824
2263 2  3763 3777
2264 2  3763 3778
2265 2  3763 3781
2266 2  3764 3778
2267 2  3764 3782
2268 2  3764 3911
2269 2  3765 3779
2270 2  3765 3780
2271 2  3765 3783
2272 2  3766 3780
2273 2  3766 3781
2274 2  3766 3784
2275 2  3767 3781
2276 2  3767 3782
2277 2  3767 3785
2278 2  3768 3782
2279 2  3768 3786
2280 2  3768 3915
2281 2  3769 3783
2282 2  3769 3784
2283 2  3769 3787
2284 2  3770 3784
2285 2  3770 3785
2286 2  3770 3788
2287 2  3771 3785
2288 2  3771 3786
2289 2  3771 3789
2290 2  3772 3786
2291 2  3772 3790
2292 2  3772 3919
2293 2  3773 3787
2294 2  3773 3788
2295 2  3773 3791
2296 2  3774 3788
2297 2  3774 3789
2298 2  3774 3792
2299 2  3775 3789
2300 2  3775 3790
2301 2  3775 3873
2302 2  3776 3791
2303 2  3776 3792
2304 2  3776 3875
2305 2  3777 3807
2306 2  3779 3808
2307 2  3790 3857
2308 2  3792 3858
2309 2  3793 3810
2310 2  3793 3854
2311 2  3793 3939
2312 2  3794 3809
2313 2  3794 3812
2314 2  3794 3856
2315 2  3795 3809
2316 2  3795 3810
2317 2  3795 3813
2318 2  3796 3810
2319 2  3796 3814
2320 2  3796 3943
2321 2  3797 3811
2322 2  3797 3812
2323 2  3797 3815
2324 2  3798 3812
2325 2  3798 3813
2326 2  3798 3816
2327 2  3799 3813
2328 2  3799 3814
2329 2  3799 3817
2330 2  3800 3814
2331 2  3800 3818
2332 2  3800 3947
2333 2  3801 3815
2334 2  3801 3816
2335 2  3801 3819
2336 2  3802 3816
2337 2  3802 3817
2338 2  3802 3820
2339 2  3803 3817
2340 2  3803 3818
2341 2  3803 3821
2342 2  3804 3818
2343 2  3804 3822
2344 2  3804 3951
2345 2  3805 3819
2346 2  3805 3820
2347 2  3805 3823
2348 2  3806 3820
2349 2  3806 3821
2350 2  3806 3824
2351 2  3807 3821
2352 2  3807 3822
2353 2  3808 3823
2354 2  3808 3824
2355 2  3809 3839
2356 2  3811 3840
2357 2  3825 3842
2358 2  3825 3886
2359 2  3825 3971
2360 2  3826 3841
2361 2  3826 3844
2362 2  3826 3888
2363 2  3827 3841
2364 2  3827 3842
2365 2  3827 3845
2366 2  3828 3842
2367 2  3828 3846
2368 2  3828 3975
2369 2  3829 3843
2370 2  3829 3844
2371 2  3829 3847
2372 2  3830 3844
2373 2  3830 3845
2374 2  3830 3848
2375 2  3831 3845
2376 2  3831 3846
2377 2  3831 3849
2378 2  3832 3846
2379 2  3832 3850
2380 2  3832 3979
2381 2  3833 3847
2382 2  3833 3848
2383 2  3833 3851
2384 2  3834 3848
2385 2  3834 3849
2386 2  3834 3852
2387 2  3835 3849
2388 2  3835 3850
2389 2  3835 3853
2390 2  3836 3850
2391 2  3836 3854
2392 2  3836 3983
2393 2  3837 3851
2394 2  3837 3852
2395 2  3837 3855
2396 2  3838 3852
2397 2  3838 3853
2398 2  3838 3856
2399 2  3839 3853
2400 2  3839 3854
2401 2  3840 3855
2402 2  3840 3856
2403 2  3841 3871
2404 2  3843 3872
2405 2  3857 3874
2406 2  3857 4003
2407 2  3858 3873
2408 2  3858 3876
2409 2  3859 3873
2410 2  3859 3874
2411 2  3859 3877
2412 2  3860 3874
2413 2  3860 3878
2414 2  3860 4007
2415 2  3861 3875
2416 2  3861 3876
2417 2  3861 3879
2418 2  3862 3876
2419 2  3862 3877
2420 2  3862 3880
2421 2  3863 3877
2422 2  3863 3878
2423 2  3863 3881
2424 2  3864 3878
2425 2  3864 3882
2426 2  3864 4011
2427 2  3865 3879
2428 2  3865 3880
2429 2  3865 3883
2430 2  3866 3880
2431 2  3866 3881
2432 2  3866 3884
2433 2  3867 3881
2434 2  3867 3882
2435 2  3867 3885
2436 2  3868 3882
2437 2  3868 3886
2438 2  3868 4015
2439 2  3869 3883
2440 2  3869 3884
2441 2  3869 3887
2442 2  3870 3884
2443 2  3870 3885
2444 2  3870 3888
2445 2  3871 3885
2446 2  3871 3886
2447 2  3872 3887
2448 2  3872 3888
2449 2  3889 3906
2450 2  3889 3950
2451 2  3889 4035
2452 2  3890 3905
2453 2  3890 3908
2454 2  3890 3952
2455 2  3891 3905
2456 2  3891 3906
2457 2  3891 3909
2458 2  3892 3906
2459 2  3892 3910
2460 2  3892 4039
2461 2  3893 3907
2462 2  3893 3908
2463 2  3893 3911
2464 2  3894 3908
2465 2  3894 3909
2466 2  3894 3912
2467 2  3895 3909
2468 2  3895 3910
2469 2  3895 3913
2470 2  3896 3910
2471 2  3896 3914
2472 2  3896 4043
2473 2  3897 3911
2474 2  3897 3912
2475 2  3897 3915
2476 2  3898 3912
2477 2  3898 3913
2478 2  3898 3916
2479 2  3899 3913
2480 2  3899 3914
2481 2  3899 3917
2482 2  3900 3914
2483 2  3900 3918
2484 2  3900 4047
2485 2  3901 3915
2486 2  3901 3916
2487 2  3901 3919
2488 2  3902 3916
2489 2  3902 3917
2490 2  3902 3920
2491 2  3903 3917
2492 2  3903 3918
2493 2  3903 4001
2494 2  3904 3919
2495 2  3904 3920
2496 2  3904 4003
2497 2  3905 3935
2498 2  3907 3936
2499 2  3918 3985
2500 2  3920 3986
2501 2  3921 3938
2502 2  3921 3982
2503 2  3921 4067
2504 2  3922 3937
2505 2  3922 3940
2506 2  3922 3984
2507 2  3923 3937
2508 2  3923 3938
2509 2  3923 3941
2510 2  3924 3938
2511 2  3924 3942
2512 2  3924 4071
2513 2  3925 3939
2514 2  3925 3940
2515 2  3925 3943
2516 2  3926 3940
2517 2  3926 3941
2518 2  3926 3944
2519 2  3927 3941
2520 2  3927 3942
2521 2  3927 3945
2522 2  3928 3942
2523 2  3928 3946
2524 2  3928 4075
2525 2  3929 3943
2526 2  3929 3944
2527 2  3929 3947
2528 2  3930 3944
2529 2  3930 3945
2530 2  3930 3948
2531 2  3931 3945
2532 2  3931 3946
2533 2  3931 3949
2534 2  3932 3946
2535 2  3932 3950
2536 2  3932 4079
2537 2  3933 3947
2538 2  3933 3948
2539 2  3933 3951
2540 2  3934 3948
2541 2  3934 3949
2542 2  3934 3952
2543 2  3935 3949
2544 2  3935 3950
2545 2  3936 3951
2546 2  3936 3952
2547 2  3937 3967
2548 2  3939 3968
2549 2  3953 3970
2550 2  3953 4014
2551 2  3953 4099
2552 2  3954 3969
2553 2  3954 3972
2554 2  3954 4016
2555 2  3955 3969
2556 2  3955 3970
2557 2  3955 3973
2558 2  3956 3970
2559 2  3956 3974
2560 2  3956 4103
2561 2  3957 3971
2562 2  3957 3972
2563 2  3957 3975
2564 2  3958 3972
2565 2  3958 3973
2566 2  3958 3976
2567 2  3959 3973
2568 2  3959 3974
2569 2  3959 3977
2570 2  3960 3974
2571 2  3960 3978
2572 2  3960 4107
2573 2  3961 3975
2574 2  3961 3976
2575 2  3961 3979
2576 2  3962 3976
2577 2  3962 3977
2578 2  3962 3980
2579 2  3963 3977
2580 2  3963 3978
2581 2  3963 3981
2582 2  3964 3978
2583 2  3964 3982
2584 2  3964 4111
2585 2  3965 3979
2586 2  3965 3980
2587 2  3965 3983
2588 2  3966 3980
2589 2  3966 3981
2590 2  3966 3984
2591 2  3967 3981
2592 2  3967 3982
2593 2  3968 3983
2594 2  3968 3984
2595 2  3969 3999
2596 2  3971 4000
2597 2  3985 4002
2598 2  3985 4131
2599 2  3986 4001
2600 2  3986 4004
2601 2  3987 4001
2602 2  3987 4002
2603 2  3987 4005
2604 2  3988 4002
2605 2  3988 4006
2606 2  3988 4135
2607 2  3989 4003
2608 2  3989 4004
2609 2  3989 4007
2610 2  3990 4004
2611 2  3990 4005
2612 2  3990 4008
2613 2  3991 4005
2614 2  3991 4006
2615 2  3991 4009
2616 2  3992 4006
2617 2  3992 4010
2618 2  3992 4139
2619 2  3993 4007
2620 2  3993 4008
2621 2  3993 4011
2622 2  3994 4008
2623 2  3994 4009
2624 2  3994 4012
2625 2  3995 4009
2626 2  3995 4010
2627 2  3995 4013
2628 2  3996 4010
2629 2  3996 4014
2630 2  3996 4143
2631 2  3997 4011
2632 2  3997 4012
2633 2  3997 4015
2634 2  3998 4012
2635 2  3998 4013
2636 2  3998 4016
2637 2  3999 4013
2638 2  3999 4014
2639 2  4000 4015
2640 2  4000 4016
2641 2  4017 4034
2642 2  4017 4078
2643 2  4018 4033
2644 2  4018 4036
2645 2  4018 4080
2646 2  4019 4033
2647 2  4019 4034
2648 2  4019 4037
2649 2  4020 4034
2650 2  4020 4038
2651 2  4021 4035
2652 2  4021 4036
2653 2  4021 4039
2654 2  4022 4036
2655 2  4022 4037
2656 2  4022 4040
2657 2  4023 4037
2658 2  4023 4038
2659 2  4023 4041
2660 2  4024 4038
2661 2  4024 4042
2662 2  4025 4039
2663 2  4025 4040
2664 2  4025 4043
2665 2  4026 4040
2666 2  4026 4041
2667 2  4026 4044
2668 2  4027 4041
2669 2  4027 4042
2670 2  4027 4045
2671 2  4028 4042
2672 2  4028 4046
2673 2  4029 4043
2674 2  4029 4044
2675 2  4029 4047
2676 2  4030 4044
2677 2  4030 4045
2678 2  4030 4048
2679 2  4031 4045
2680 2  4031 4046
2681 2  4031 4129
2682 2  4032 4047
2683 2  4032 4048
2684 2  4032 4131
2685 2  4033 4063
2686 2  4035 4064
2687 2  4046 4113
2688 2  4048 4114
2689 2  4049 4066
2690 2  4049 4110
2691 2  4050 4065
2692 2  4050 4068
2693 2  4050 4112
2694 2  4051 4065
2695 2  4051 4066
2696 2  4051 4069
2697 2  4052 4066
2698 2  4052 4070
2699 2  4053 4067
2700 2  4053 4068
2701 2  4053 4071
2702 2  4054 4068
2703 2  4054 4069
2704 2  4054 4072
2705 2  4055 4069
2706 2  4055 4070
2707 2  4055 4073
2708 2  4056 4070
2709 2  4056 4074
2710 2  4057 4071
2711 2  4057 4072
2712 2  4057 4075
2713 2  4058 4072
2714 2  4058 4073
2715 2  4058 4076
2716 2  4059 4073
2717 2  4059 4074
2718 2  4059 4077
2719 2  4060 4074
2720 2  4060 4078
2721 2  4061 4075
2722 2  4061 4076
2723 2  4061 4079
2724 2  4062 4076
2725 2  4062 4077
2726 2  4062 4080
2727 2  4063 4077
2728 2  4063 4078
2729 2  4064 4079
2730 2  4064 4080
2731 2  4065 4095
2732 2  4067 4096
2733 2  4081 4098
2734 2  4081 4142
2735 2  4082 4097
2736 2  4082 4100
2737 2  4082 4144
2738 2  4083 4097
2739 2  4083 4098
2740 2  4083 4101
2741 2  4084 4098
2742 2  4084 4102
2743 2  4085 4099
2744 2  4085 4100
2745 2  4085 4103
2746 2  4086 4100
2747 2  4086 4101
2748 2  4086 4104
2749 2  4087 4101
2750 2  4087 4102
2751 2  4087 4105
2752 2  4088 4102
2753 2  4088 4106
2754 2  4089 4103
2755 2  4089 4104
2756 2  4089 4107
2757 2  4090 4104
2758 2  4090 4105
2759 2  4090 4108
2760 2  4091 4105
2761 2  4091 4106
2762 2  4091 4109
2763 2  4092 4106
2764 2  4092 4110
2765 2  4093 4107
2766 2  4093 4108
2767 2  4093 4111
2768 2  4094 4108
2769 2  4094 4109
2770 2  4094 4112
2771 2  4095 4109
2772 2  4095 4110
2773 2  4096 4111
2774 2  4096 4112
2775 2  4097 4127
2776 2  4099 4128
2777 2  4113 4130
2778 2  4114 4129
2779 2  4114 4132
2780 2  4115 4129
2781 2  4115 4130
2782 2  4115 4133
2783 2  4116 4130
2784 2  4116 4134
2785 2  4117 4131
2786 2  4117 4132
2787 2  4117 4135
2788 2  4118 4132
2789 2  4118 4133
2790 2  4118 4136
2791 2  4119 4133
2792 2  4119 4134
2793 2  4119 4137
2794 2  4120 4134
2795 2  4120 4138
2796 2  4121 4135
2797 2  4121 4136
2798 2  4121 4139
2799 2  4122 4136
2800 2  4122 4137
2801 2  4122 4140
2802 2  4123 4137
2803 2  4123 4138
2804 2  4123 4141
2805 2  4124 4138
2806 2  4124 4142
2807 2  4125 4139
2808 2  4125 4140
2809 2  4125 4143
2810 2  4126 4140
2811 2  4126 4141
2812 2  4126 4144
2813 2  4127 4141
2814 2  4127 4142
2815 2  4128 4143
2816 2  4128 4144
2817 2  5449 5466
2818 2  5449 5510
2819 2  5449 5595
2820 2  5450 5465
2821 2  5450 5468
2822 2  5450 5512
2823 2  5451 5465
2824 2  5451 5466
2825 2  5451 5469
2826 2  5452 5466
2827 2  5452 5470
2828 2  5452 5599
2829 2  5453 5467
2830 2  5453 5468
2831 2  5453 5471
2832 2  5454 5468
2833 2  5454 5469
2834 2  5454 5472
2835 2  5455 5469
2836 2  5455 5470
2837 2  5455 5473
2838 2  5456 5470
2839 2  5456 5474
2840 2  5456 5603
2841 2  5457 5471
2842 2  5457 5472
2843 2  5457 5475
2844 2  5458 5472
2845 2  5458 5473
2846 2  5458 5476
2847 2  5459 5473
2848 2  5459 5474
2849 2  5459 5477
2850 2  5460 5474
2851 2  5460 5478
2852 2  5460 5607
2853 2  5461 5475
2854 2  5461 5476
2855 2  5461 5479
2856 2  5462 5476
2857 2  5462 5477
2858 2  5462 5480
2859 2  5463 5477
2860 2  5463 5478
2861 2  5463 5561
2862 2  5464 5479
2863 2  5464 5480
2864 2  5464 5563
2865 2  5465 5495
2866 2  5467 5496
2867 2  5467 5833
2868 2  5471 5836
2869 2  5475 5840
2870 2  5478 5545
2871 2  5479 5844
2872 2  5480 5546
2873 2  5481 5498
2874 2  5481 5542
2875 2  5481 5627
2876 2  5482 5497
2877 2  5482 5500
2878 2  5482 5544
2879 2  5483 5497
2880 2  5483 5498
2881 2  5483 5501
2882 2  5484 5498
2883 2  5484 5502
2884 2  5484 5631
2885 2  5485 5499
2886 2  5485 5500
2887 2  5485 5503
2888 2  5486 5500
2889 2  5486 5501
2890 2  5486 5504
2891 2  5487 5501
2892 2  5487 5502
2893 2  5487 5505
2894 2  5488 5502
2895 2  5488 5506
2896 2  5488 5635
2897 2  5489 5503
2898 2  5489 5504
2899 2  5489 5507
2900 2  5490 5504
2901 2  5490 5505
2902 2  5490 5508
2903 2  5491 5505
2904 2  5491 5506
2905 2  5491 5509
2906 2  5492 5506
2907 2  5492 5510
2908 2  5492 5639
2909 2  5493 5507
2910 2  5493 5508
2911 2  5493 5511
2912 2  5494 5508
2913 2  5494 5509
2914 2  5494 5512
2915 2  5495 5509
2916 2  5495 5510
2917 2  5496 5511
2918 2  5496 5512
2919 2  5497 5527
2920 2  5499 5528
2921 2  5499 5865
2922 2  5503 5868
2923 2  5507 5872
2924 2  5511 5876
2925 2  5513 5530
2926 2  5513 5574
2927 2  5513 5659
2928 2  5514 5529
2929 2  5514 5532
2930 2  5514 5576
2931 2  5515 5529
2932 2  5515 5530
2933 2  5515 5533
2934 2  5516 5530
2935 2  5516 5534
2936 2  5516 5663
2937 2  5517 5531
2938 2  5517 5532
2939 2  5517 5535
2940 2  5518 5532
2941 2  5518 5533
2942 2  5518 5536
2943 2  5519 5533
2944 2  5519 5534
2945 2  5519 5537
2946 2  5520 5534
2947 2  5520 5538
2948 2  5520 5667
2949 2  5521 5535
2950 2  5521 5536
2951 2  5521 5539
2952 2  5522 5536
2953 2  5522 5537
2954 2  5522 5540
2955 2  5523 5537
2956 2  5523 5538
2957 2  5523 5541
2958 2  5524 5538
2959 2  5524 5542
2960 2  5524 5671
2961 2  5525 5539
2962 2  5525 5540
2963 2  5525 5543
2964 2  5526 5540
2965 2  5526 5541
2966 2  5526 5544
2967 2  5527 5541
2968 2  5527 5542
2969 2  5528 5543
2970 2  5528 5544
2971 2  5529 5559
2972 2  5531 5560
2973 2  5531 5897
2974 2  5535 5900
2975 2  5539 5904
2976 2  5543 5908
2977 2  5545 5562
2978 2  5545 5691
2979 2  5546 5561
2980 2  5546 5564
2981 2  5547 5561
2982 2  5547 5562
2983 2  5547 5565
2984 2  5548 5562
2985 2  5548 5566
2986 2  5548 5695
2987 2  5549 5563
2988 2  5549 5564
2989 2  5549 5567
2990 2  5550 5564
2991 2  5550 5565
2992 2  5550 5568
2993 2  5551 5565
2994 2  5551 5566
2995 2  5551 5569
2996 2  5552 5566
2997 2  5552 5570
2998 2  5552 5699
2999 2  5553 5567
3000 2  5553 5568
3001 2  5553 5571
3002 2  5554 5568
3003 2  5554 5569
3004 2  5554 5572
3005 2  5555 5569
3006 2  5555 5570
3007 2  5555 5573
3008 2  5556 5570
3009 2  5556 5574
3010 2  5556 5703
3011 2  5557 5571
3012 2  5557 5572
3013 2  5557 5575
3014 2  5558 5572
3015 2  5558 5573
3016 2  5558 5576
3017 2  5559 5573
3018 2  5559 5574
3019 2  5560 5575
3020 2  5560 5576
3021 2  5563 5929
3022 2  5567 5932
3023 2  5571 5936
3024 2  5575 5940
3025 2  5577 5594
3026 2  5577 5638
3027 2  5577 5723
3028 2  5578 5593
3029 2  5578 5596
3030 2  5578 5640
3031 2  5579 5593
3032 2  5579 5594
3033 2  5579 5597
3034 2  5580 5594
3035 2  5580 5598
3036 2  5580 5727
3037 2  5581 5595
3038 2  5581 5596
3039 2  5581 5599
3040 2  5582 5596
3041 2  5582 5597
3042 2  5582 5600
3043 2  5583 5597
3044 2  5583 5598
3045 2  5583 5601
3046 2  5584 5598
3047 2  5584 5602
3048 2  5584 5731
3049 2  5585 5599
3050 2  5585 5600
3051 2  5585 5603
3052 2  5586 5600
3053 2  5586 5601
3054 2  5586 5604
3055 2  5587 5601
3056 2  5587 5602
3057 2  5587 5605
3058 2  5588 5602
3059 2  5588 5606
3060 2  5588 5735
3061 2  5589 5603
3062 2  5589 5604
3063 2  5589 5607
3064 2  5590 5604
3065 2  5590 5605
3066 2  5590 5608
3067 2  5591 5605
3068 2  5591 5606
3069 2  5591 5689
3070 2  5592 5607
3071 2  5592 5608
3072 2  5592 5691
3073 2  5593 5623
3074 2  5595 5624
3075 2  5606 5673
3076 2  5608 5674
3077 2  5609 5626
3078 2  5609 5670
3079 2  5609 5755
3080 2  5610 5625
3081 2  5610 5628
3082 2  5610 5672
3083 2  5611 5625
3084 2  5611 5626
3085 2  5611 5629
3086 2  5612 5626
3087 2  5612 5630
3088 2  5612 5759
3089 2  5613 5627
3090 2  5613 5628
3091 2  5613 5631
3092 2  5614 5628
3093 2  5614 5629
3094 2  5614 5632
3095 2  5615 5629
3096 2  5615 5630
3097 2  5615 5633
3098 2  5616 5630
3099 2  5616 5634
3100 2  5616 5763
3101 2  5617 5631
3102 2  5617 5632
3103 2  5617 5635
3104 2  5618 5632
3105 2  5618 5633
3106 2  5618 5636
3107 2  5619 5633
3108 2  5619 5634
3109 2  5619 5637
3110 2  5620 5634
3111 2  5620 5638
3112 2  5620 5767
3113 2  5621 5635
3114 2  5621 5636
3115 2  5621 5639
3116 2  5622 5636
3117 2  5622 5637
3118 2  5622 5640
3119 2  5623 5637
3120 2  5623 5638
3121 2  5624 5639
3122 2  5624 5640
3123 2  5625 5655
3124 2  5627 5656
3125 2  5641 5658
3126 2  5641 5702
3127 2  5641 5787
3128 2  5642 5657
3129 2  5642 5660
3130 2  5642 5704
3131 2  5643 5657
3132 2  5643 5658
3133 2  5643 5661
3134 2  5644 5658
3135 2  5644 5662
3136 2  5644 5791
3137 2  5645 5659
3138 2  5645 5660
3139 2  5645 5663
3140 2  5646 5660
3141 2  5646 5661
3142 2  5646 5664
3143 2  5647 5661
3144 2  5647 5662
3145 2  5647 5665
3146 2  5648 5662
3147 2  5648 5666
3148 2  5648 5795
3149 2  5649 5663
3150 2  5649 5664
3151 2  5649 5667
3152 2  5650 5664
3153 2  5650 5665
3154 2  5650 5668
3155 2  5651 5665
3156 2  5651 5666
3157 2  5651 5669
3158 2  5652 5666
3159 2  5652 5670
3160 2  5652 5799
3161 2  5653 5667
3162 2  5653 5668
3163 2  5653 5671
3164 2  5654 5668
3165 2  5654 5669
3166 2  5654 5672
3167 2  5655 5669
3168 2  5655 5670
3169 2  5656 5671
3170 2  5656 5672
3171 2  5657 5687
3172 2  5659 5688
3173 2  5673 5690
3174 2  5673 5819
3175 2  5674 5689
3176 2  5674 5692
3177 2  5675 5689
3178 2  5675 5690
3179 2  5675 5693
3180 2  5676 5690
3181 2  5676 5694
3182 2  5676 5823
3183 2  5677 5691
3184 2  5677 5692
3185 2  5677 5695
3186 2  5678 5692
3187 2  5678 5693
3188 2  5678 5696
3189 2  5679 5693
3190 2  5679 5694
3191 2  5679 5697
3192 2  5680 5694
3193 2  5680 5698
3194 2  5680 5827
3195 2  5681 5695
3196 2  5681 5696
3197 2  5681 5699
3198 2  5682 5696
3199 2  5682 5697
3200 2  5682 5700
3201 2  5683 5697
3202 2  5683 5698
3203 2  5683 5701
3204 2  5684 5698
3205 2  5684 5702
3206 2  5684 5831
3207 2  5685 5699
3208 2  5685 5700
3209 2  5685 5703
3210 2  5686 5700
3211 2  5686 5701
3212 2  5686 5704
3213 2  5687 5701
3214 2  5687 5702
3215 2  5688 5703
3216 2  5688 5704
3217 2  5705 5722
3218 2  5705 5766
3219 2  5705 5851
3220 2  5706 5721
3221 2  5706 5724
3222 2  5706 5768
3223 2  5707 5721
3224 2  5707 5722
3225 2  5707 5725
3226 2  5708 5722
3227 2  5708 5726
3228 2  5708 5855
3229 2  5709 5723
3230 2  5709 5724
3231 2  5709 5727
3232 2  5710 5724
3233 2  5710 5725
3234 2  5710 5728
3235 2  5711 5725
3236 2  5711 5726
3237 2  5711 5729
3238 2  5712 5726
3239 2  5712 5730
3240 2  5712 5859
3241 2  5713 5727
3242 2  5713 5728
3243 2  5713 5731
3244 2  5714 5728
3245 2  5714 5729
3246 2  5714 5732
3247 2  5715 5729
3248 2  5715 5730
3249 2  5715 5733
3250 2  5716 5730
3251 2  5716 5734
3252 2  5716 5863
3253 2  5717 5731
3254 2  5717 5732
3255 2  5717 5735
3256 2  5718 5732
3257 2  5718 5733
3258 2  5718 5736
3259 2  5719 5733
3260 2  5719 5734
3261 2  5719 5817
3262 2  5720 5735
3263 2  5720 5736
3264 2  5720 5819
3265 2  5721 5751
3266 2  5723 5752
3267 2  5734 5801
3268 2  5736 5802
3269 2  5737 5754
3270 2  5737 5798
3271 2  5737 5883
3272 2  5738 5753
3273 2  5738 5756
3274 2  5738 5800
3275 2  5739 5753
3276 2  5739 5754
3277 2  5739 5757
3278 2  5740 5754
3279 2  5740 5758
3280 2  5740 5887
3281 2  5741 5755
3282 2  5741 5756
3283 2  5741 5759
3284 2  5742 5756
3285 2  5742 5757
3286 2  5742 5760
3287 2  5743 5757
3288 2  5743 5758
3289 2  5743 5761
3290 2  5744 5758
3291 2  5744 5762
3292 2  5744 5891
3293 2  5745 5759
3294 2  5745 5760
3295 2  5745 5763
3296 2  5746 5760
3297 2  5746 5761
3298 2  5746 5764
3299 2  5747 5761
3300 2  5747 5762
3301 2  5747 5765
3302 2  5748 5762
3303 2  5748 5766
3304 2  5748 5895
3305 2  5749 5763
3306 2  5749 5764
3307 2  5749 5767
3308 2  5750 5764
3309 2  5750 5765
3310 2  5750 5768
3311 2  5751 5765
3312 2  5751 5766
3313 2  5752 5767
3314 2  5752 5768
3315 2  5753 5783
3316 2  5755 5784
3317 2  5769 5786
3318 2  5769 5830
3319 2  5769 5915
3320 2  5770 5785
3321 2  5770 5788
3322 2  5770 5832
3323 2  5771 5785
3324 2  5771 5786
3325 2  5771 5789
3326 2  5772 5786
3327 2  5772 5790
3328 2  5772 5919
3329 2  5773 5787
3330 2  5773 5788
3331 2  5773 5791
3332 2  5774 5788
3333 2  5774 5789
3334 2  5774 5792
3335 2  5775 5789
3336 2  5775 5790
3337 2  5775 5793
3338 2  5776 5790
3339 2  5776 5794
3340 2  5776 5923
3341 2  5777 5791
3342 2  5777 5792
3343 2  5777 5795
3344 2  5778 5792
3345 2  5778 5793
3346 2  5778 5796
3347 2  5779 5793
3348 2  5779 5794
3349 2  5779 5797
3350 2  5780 5794
3351 2  5780 5798
3352 2  5780 5927
3353 2  5781 5795
3354 2  5781 5796
3355 2  5781 5799
3356 2  5782 5796
3357 2  5782 5797
3358 2  5782 5800
3359 2  5783 5797
3360 2  5783 5798
3361 2  5784 5799
3362 2  5784 5800
3363 2  5785 5815
3364 2  5787 5816
3365 2  5801 5818
3366 2  5801 5947
3367 2  5802 5817
3368 2  5802 5820
3369 2  5803 5817
3370 2  5803 5818
3371 2  5803 5821
3372 2  5804 5818
3373 2  5804 5822
3374 2  5804 5951
3375 2  5805 5819
3376 2  5805 5820
3377 2  5805 5823
3378 2  5806 5820
3379 2  5806 5821
3380 2  5806 5824
3381 2  5807 5821
3382 2  5807 5822
3383 2  5807 5825
3384 2  5808 5822
3385 2  5808 5826
3386 2  5808 5955
3387 2  5809 5823
3388 2  5809 5824
3389 2  5809 5827
3390 2  5810 5824
3391 2  5810 5825
3392 2  5810 5828
3393 2  5811 5825
3394 2  5811 5826
3395 2  5811 5829
3396 2  5812 5826
3397 2  5812 5830
3398 2  5812 5959
3399 2  5813 5827
3400 2  5813 5828
3401 2  5813 5831
3402 2  5814 5828
3403 2  5814 5829
3404 2  5814 5832
3405 2  5815 5829
3406 2  5815 5830
3407 2  5816 5831
3408 2  5816 5832
3409 2  5833 5850
3410 2  5833 5894
3411 2  5834 5849
3412 2  5834 5852
3413 2  5834 5896
3414 2  5835 5849
3415 2  5835 5850
3416 2  5835 5853
3417 2  5836 5850
3418 2  5836 5854
3419 2  5837 5851
3420 2  5837 5852
3421 2  5837 5855
3422 2  5838 5852
3423 2  5838 5853
3424 2  5838 5856
3425 2  5839 5853
3426 2  5839 5854
3427 2  5839 5857
3428 2  5840 5854
3429 2  5840 5858
3430 2  5841 5855
3431 2  5841 5856
3432 2  5841 5859
3433 2  5842 5856
3434 2  5842 5857
3435 2  5842 5860
3436 2  5843 5857
3437 2  5843 5858
3438 2  5843 5861
3439 2  5844 5858
3440 2  5844 5862
3441 2  5845 5859
3442 2  5845 5860
3443 2  5845 5863
3444 2  5846 5860
3445 2  5846 5861
3446 2  5846 5864
3447 2  5847 5861
3448 2  5847 5862
3449 2  5847 5945
3450 2  5848 5863
3451 2  5848 5864
3452 2  5848 5947
3453 2  5849 5879
3454 2  5851 5880
3455 2  5862 5929
3456 2  5864 5930
3457 2  5865 5882
3458 2  5865 5926
3459 2  5866 5881
3460 2  5866 5884
3461 2  5866 5928
3462 2  5867 5881
3463 2  5867 5882
3464 2  5867 5885
3465 2  5868 5882
3466 2  5868 5886
3467 2  5869 5883
3468 2  5869 5884
3469 2  5869 5887
3470 2  5870 5884
3471 2  5870 5885
3472 2  5870 5888
3473 2  5871 5885
3474 2  5871 5886
3475 2  5871 5889
3476 2  5872 5886
3477 2  5872 5890
3478 2  5873 5887
3479 2  5873 5888
3480 2  5873 5891
3481 2  5874 5888
3482 2  5874 5889
3483 2  5874 5892
3484 2  5875 5889
3485 2  5875 5890
3486 2  5875 5893
3487 2  5876 5890
3488 2  5876 5894
3489 2  5877 5891
3490 2  5877 5892
3491 2  5877 5895
3492 2  5878 5892
3493 2  5878 5893
3494 2  5878 5896
3495 2  5879 5893
3496 2  5879 5894
3497 2  5880 5895
3498 2  5880 5896
3499 2  5881 5911
3500 2  5883 5912
3501 2  5897 5914
3502 2  5897 5958
3503 2  5898 5913
3504 2  5898 5916
3505 2  5898 5960
3506 2  5899 5913
3507 2  5899 5914
3508 2  5899 5917
3509 2  5900 5914
3510 2  5900 5918
3511 2  5901 5915
3512 2  5901 5916
3513 2  5901 5919
3514 2  5902 5916
3515 2  5902 5917
3516 2  5902 5920
3517 2  5903 5917
3518 2  5903 5918
3519 2  5903 5921
3520 2  5904 5918
3521 2  5904 5922
3522 2  5905 5919
3523 2  5905 5920
3524 2  5905 5923
3525 2  5906 5920
3526 2  5906 5921
3527 2  5906 5924
3528 2  5907 5921
3529 2  5907 5922
3530 2  5907 5925
3531 2  5908 5922
3532 2  5908 5926
3533 2  5909 5923
3534 2  5909 5924
3535 2  5909 5927
3536 2  5910 5924
3537 2  5910 5925
3538 2  5910 5928
3539 2  5911 5925
3540 2  5911 5926
3541 2  5912 5927
3542 2  5912 5928
3543 2  5913 5943
3544 2  5915 5944
3545 2  5929 5946
3546 2  5930 5945
3547 2  5930 5948
3548 2  5931 5945
3549 2  5931 5946
3550 2  5931 5949
3551 2  5932 5946
3552 2  5932 5950
3553 2  5933 5947
3554 2  5933 5948
3555 2  5933 5951
3556 2  5934 5948
3557 2  5934 5949
3558 2  5934 5952
3559 2  5935 5949
3560 2  5935 5950
3561 2  5935 5953
3562 2  5936 5950
3563 2  5936 5954
3564 2  5937 5951
3565 2  5937 5952
3566 2  5937 5955
3567 2  5938 5952
3568 2  5938 5953
3569 2  5938 5956
3570 2  5939 5953
3571 2  5939 5954
3572 2  5939 5957
3573 2  5940 5954
3574 2  5940 5958
3575 2  5941 5955
3576 2  5941 5956
3577 2  5941 5959
3578 2  5942 5956
3579 2  5942 5957
3580 2  5942 5960
3581 2  5943 5957
3582 2  5943 5958
3583 2  5944 5959
3584 2  5944 5960
