513 1 1 18
514 1 1 62
515 1 1 147
516 1 2 17
517 1 2 20
518 1 2 64
519 1 3 17
520 1 3 18
521 1 3 21
522 1 4 18
523 1 4 22
524 1 4 151
525 1 5 19
526 1 5 20
527 1 5 23
528 1 6 20
529 1 6 21
530 1 6 24
531 1 7 21
532 1 7 22
533 1 7 25
534 1 8 22
535 1 8 26
536 1 8 155
537 1 9 23
538 1 9 24
539 1 9 27
540 1 10 24
541 1 10 25
542 1 10 28
543 1 11 25
544 1 11 26
545 1 11 29
546 1 12 26
547 1 12 30
548 1 12 159
549 1 13 27
550 1 13 28
551 1 13 31
552 1 14 28
553 1 14 29
554 1 14 32
555 1 15 29
556 1 15 30
557 1 15 113
558 1 16 31
559 1 16 32
560 1 16 115
561 1 17 47
562 1 19 48
563 1 19 385
564 1 23 388
565 1 27 392
566 1 30 97
567 1 31 396
568 1 32 98
569 1 33 50
570 1 33 94
571 1 33 179
572 1 34 49
573 1 34 52
574 1 34 96
575 1 35 49
576 1 35 50
577 1 35 53
578 1 36 50
579 1 36 54
580 1 36 183
581 1 37 51
582 1 37 52
583 1 37 55
584 1 38 52
585 1 38 53
586 1 38 56
587 1 39 53
588 1 39 54
589 1 39 57
590 1 40 54
591 1 40 58
592 1 40 187
593 1 41 55
594 1 41 56
595 1 41 59
596 1 42 56
597 1 42 57
598 1 42 60
599 1 43 57
600 1 43 58
601 1 43 61
602 1 44 58
603 1 44 62
604 1 44 191
605 1 45 59
606 1 45 60
607 1 45 63
608 1 46 60
609 1 46 61
610 1 46 64
611 1 47 61
612 1 47 62
613 1 48 63
614 1 48 64
615 1 49 79
616 1 51 80
617 1 51 417
618 1 55 420
619 1 59 424
620 1 63 428
621 1 65 82
622 1 65 126
623 1 65 211
624 1 66 81
625 1 66 84
626 1 66 128
627 1 67 81
628 1 67 82
629 1 67 85
630 1 68 82
631 1 68 86
632 1 68 215
633 1 69 83
634 1 69 84
635 1 69 87
636 1 70 84
637 1 70 85
638 1 70 88
639 1 71 85
640 1 71 86
641 1 71 89
642 1 72 86
643 1 72 90
644 1 72 219
645 1 73 87
646 1 73 88
647 1 73 91
648 1 74 88
649 1 74 89
650 1 74 92
651 1 75 89
652 1 75 90
653 1 75 93
654 1 76 90
655 1 76 94
656 1 76 223
657 1 77 91
658 1 77 92
659 1 77 95
660 1 78 92
661 1 78 93
662 1 78 96
663 1 79 93
664 1 79 94
665 1 80 95
666 1 80 96
667 1 81 111
668 1 83 112
669 1 83 449
670 1 87 452
671 1 91 456
672 1 95 460
673 1 97 114
674 1 97 243
675 1 98 113
676 1 98 116
677 1 99 113
678 1 99 114
679 1 99 117
680 1 100 114
681 1 100 118
682 1 100 247
683 1 101 115
684 1 101 116
685 1 101 119
686 1 102 116
687 1 102 117
688 1 102 120
689 1 103 117
690 1 103 118
691 1 103 121
692 1 104 118
693 1 104 122
694 1 104 251
695 1 105 119
696 1 105 120
697 1 105 123
698 1 106 120
699 1 106 121
700 1 106 124
701 1 107 121
702 1 107 122
703 1 107 125
704 1 108 122
705 1 108 126
706 1 108 255
707 1 109 123
708 1 109 124
709 1 109 127
710 1 110 124
711 1 110 125
712 1 110 128
713 1 111 125
714 1 111 126
715 1 112 127
716 1 112 128
717 1 115 481
718 1 119 484
719 1 123 488
720 1 127 492
721 1 129 146
722 1 129 190
723 1 129 275
724 1 130 145
725 1 130 148
726 1 130 192
727 1 131 145
728 1 131 146
729 1 131 149
730 1 132 146
731 1 132 150
732 1 132 279
733 1 133 147
734 1 133 148
735 1 133 151
736 1 134 148
737 1 134 149
738 1 134 152
739 1 135 149
740 1 135 150
741 1 135 153
742 1 136 150
743 1 136 154
744 1 136 283
745 1 137 151
746 1 137 152
747 1 137 155
748 1 138 152
749 1 138 153
750 1 138 156
751 1 139 153
752 1 139 154
753 1 139 157
754 1 140 154
755 1 140 158
756 1 140 287
757 1 141 155
758 1 141 156
759 1 141 159
760 1 142 156
761 1 142 157
762 1 142 160
763 1 143 157
764 1 143 158
765 1 143 241
766 1 144 159
767 1 144 160
768 1 144 243
769 1 145 175
770 1 147 176
771 1 158 225
772 1 160 226
773 1 161 178
774 1 161 222
775 1 161 307
776 1 162 177
777 1 162 180
778 1 162 224
779 1 163 177
780 1 163 178
781 1 163 181
782 1 164 178
783 1 164 182
784 1 164 311
785 1 165 179
786 1 165 180
787 1 165 183
788 1 166 180
789 1 166 181
790 1 166 184
791 1 167 181
792 1 167 182
793 1 167 185
794 1 168 182
795 1 168 186
796 1 168 315
797 1 169 183
798 1 169 184
799 1 169 187
800 1 170 184
801 1 170 185
802 1 170 188
803 1 171 185
804 1 171 186
805 1 171 189
806 1 172 186
807 1 172 190
808 1 172 319
809 1 173 187
810 1 173 188
811 1 173 191
812 1 174 188
813 1 174 189
814 1 174 192
815 1 175 189
816 1 175 190
817 1 176 191
818 1 176 192
819 1 177 207
820 1 179 208
821 1 193 210
822 1 193 254
823 1 193 339
824 1 194 209
825 1 194 212
826 1 194 256
827 1 195 209
828 1 195 210
829 1 195 213
830 1 196 210
831 1 196 214
832 1 196 343
833 1 197 211
834 1 197 212
835 1 197 215
836 1 198 212
837 1 198 213
838 1 198 216
839 1 199 213
840 1 199 214
841 1 199 217
842 1 200 214
843 1 200 218
844 1 200 347
845 1 201 215
846 1 201 216
847 1 201 219
848 1 202 216
849 1 202 217
850 1 202 220
851 1 203 217
852 1 203 218
853 1 203 221
854 1 204 218
855 1 204 222
856 1 204 351
857 1 205 219
858 1 205 220
859 1 205 223
860 1 206 220
861 1 206 221
862 1 206 224
863 1 207 221
864 1 207 222
865 1 208 223
866 1 208 224
867 1 209 239
868 1 211 240
869 1 225 242
870 1 225 371
871 1 226 241
872 1 226 244
873 1 227 241
874 1 227 242
875 1 227 245
876 1 228 242
877 1 228 246
878 1 228 375
879 1 229 243
880 1 229 244
881 1 229 247
882 1 230 244
883 1 230 245
884 1 230 248
885 1 231 245
886 1 231 246
887 1 231 249
888 1 232 246
889 1 232 250
890 1 232 379
891 1 233 247
892 1 233 248
893 1 233 251
894 1 234 248
895 1 234 249
896 1 234 252
897 1 235 249
898 1 235 250
899 1 235 253
900 1 236 250
901 1 236 254
902 1 236 383
903 1 237 251
904 1 237 252
905 1 237 255
906 1 238 252
907 1 238 253
908 1 238 256
909 1 239 253
910 1 239 254
911 1 240 255
912 1 240 256
913 1 257 274
914 1 257 318
915 1 257 403
916 1 258 273
917 1 258 276
918 1 258 320
919 1 259 273
920 1 259 274
921 1 259 277
922 1 260 274
923 1 260 278
924 1 260 407
925 1 261 275
926 1 261 276
927 1 261 279
928 1 262 276
929 1 262 277
930 1 262 280
931 1 263 277
932 1 263 278
933 1 263 281
934 1 264 278
935 1 264 282
936 1 264 411
937 1 265 279
938 1 265 280
939 1 265 283
940 1 266 280
941 1 266 281
942 1 266 284
943 1 267 281
944 1 267 282
945 1 267 285
946 1 268 282
947 1 268 286
948 1 268 415
949 1 269 283
950 1 269 284
951 1 269 287
952 1 270 284
953 1 270 285
954 1 270 288
955 1 271 285
956 1 271 286
957 1 271 369
958 1 272 287
959 1 272 288
960 1 272 371
961 1 273 303
962 1 275 304
963 1 286 353
964 1 288 354
965 1 289 306
966 1 289 350
967 1 289 435
968 1 290 305
969 1 290 308
970 1 290 352
971 1 291 305
972 1 291 306
973 1 291 309
974 1 292 306
975 1 292 310
976 1 292 439
977 1 293 307
978 1 293 308
979 1 293 311
980 1 294 308
981 1 294 309
982 1 294 312
983 1 295 309
984 1 295 310
985 1 295 313
986 1 296 310
987 1 296 314
988 1 296 443
989 1 297 311
990 1 297 312
991 1 297 315
992 1 298 312
993 1 298 313
994 1 298 316
995 1 299 313
996 1 299 314
997 1 299 317
998 1 300 314
999 1 300 318
1000 1 300 447
1001 1 301 315
1002 1 301 316
1003 1 301 319
1004 1 302 316
1005 1 302 317
1006 1 302 320
1007 1 303 317
1008 1 303 318
1009 1 304 319
1010 1 304 320
1011 1 305 335
1012 1 307 336
1013 1 321 338
1014 1 321 382
1015 1 321 467
1016 1 322 337
1017 1 322 340
1018 1 322 384
1019 1 323 337
1020 1 323 338
1021 1 323 341
1022 1 324 338
1023 1 324 342
1024 1 324 471
1025 1 325 339
1026 1 325 340
1027 1 325 343
1028 1 326 340
1029 1 326 341
1030 1 326 344
1031 1 327 341
1032 1 327 342
1033 1 327 345
1034 1 328 342
1035 1 328 346
1036 1 328 475
1037 1 329 343
1038 1 329 344
1039 1 329 347
1040 1 330 344
1041 1 330 345
1042 1 330 348
1043 1 331 345
1044 1 331 346
1045 1 331 349
1046 1 332 346
1047 1 332 350
1048 1 332 479
1049 1 333 347
1050 1 333 348
1051 1 333 351
1052 1 334 348
1053 1 334 349
1054 1 334 352
1055 1 335 349
1056 1 335 350
1057 1 336 351
1058 1 336 352
1059 1 337 367
1060 1 339 368
1061 1 353 370
1062 1 353 499
1063 1 354 369
1064 1 354 372
1065 1 355 369
1066 1 355 370
1067 1 355 373
1068 1 356 370
1069 1 356 374
1070 1 356 503
1071 1 357 371
1072 1 357 372
1073 1 357 375
1074 1 358 372
1075 1 358 373
1076 1 358 376
1077 1 359 373
1078 1 359 374
1079 1 359 377
1080 1 360 374
1081 1 360 378
1082 1 360 507
1083 1 361 375
1084 1 361 376
1085 1 361 379
1086 1 362 376
1087 1 362 377
1088 1 362 380
1089 1 363 377
1090 1 363 378
1091 1 363 381
1092 1 364 378
1093 1 364 382
1094 1 364 511
1095 1 365 379
1096 1 365 380
1097 1 365 383
1098 1 366 380
1099 1 366 381
1100 1 366 384
1101 1 367 381
1102 1 367 382
1103 1 368 383
1104 1 368 384
1105 1 385 402
1106 1 385 446
1107 1 386 401
1108 1 386 404
1109 1 386 448
1110 1 387 401
1111 1 387 402
1112 1 387 405
1113 1 388 402
1114 1 388 406
1115 1 389 403
1116 1 389 404
1117 1 389 407
1118 1 390 404
1119 1 390 405
1120 1 390 408
1121 1 391 405
1122 1 391 406
1123 1 391 409
1124 1 392 406
1125 1 392 410
1126 1 393 407
1127 1 393 408
1128 1 393 411
1129 1 394 408
1130 1 394 409
1131 1 394 412
1132 1 395 409
1133 1 395 410
1134 1 395 413
1135 1 396 410
1136 1 396 414
1137 1 397 411
1138 1 397 412
1139 1 397 415
1140 1 398 412
1141 1 398 413
1142 1 398 416
1143 1 399 413
1144 1 399 414
1145 1 399 497
1146 1 400 415
1147 1 400 416
1148 1 400 499
1149 1 401 431
1150 1 403 432
1151 1 414 481
1152 1 416 482
1153 1 417 434
1154 1 417 478
1155 1 418 433
1156 1 418 436
1157 1 418 480
1158 1 419 433
1159 1 419 434
1160 1 419 437
1161 1 420 434
1162 1 420 438
1163 1 421 435
1164 1 421 436
1165 1 421 439
1166 1 422 436
1167 1 422 437
1168 1 422 440
1169 1 423 437
1170 1 423 438
1171 1 423 441
1172 1 424 438
1173 1 424 442
1174 1 425 439
1175 1 425 440
1176 1 425 443
1177 1 426 440
1178 1 426 441
1179 1 426 444
1180 1 427 441
1181 1 427 442
1182 1 427 445
1183 1 428 442
1184 1 428 446
1185 1 429 443
1186 1 429 444
1187 1 429 447
1188 1 430 444
1189 1 430 445
1190 1 430 448
1191 1 431 445
1192 1 431 446
1193 1 432 447
1194 1 432 448
1195 1 433 463
1196 1 435 464
1197 1 449 466
1198 1 449 510
1199 1 450 465
1200 1 450 468
1201 1 450 512
1202 1 451 465
1203 1 451 466
1204 1 451 469
1205 1 452 466
1206 1 452 470
1207 1 453 467
1208 1 453 468
1209 1 453 471
1210 1 454 468
1211 1 454 469
1212 1 454 472
1213 1 455 469
1214 1 455 470
1215 1 455 473
1216 1 456 470
1217 1 456 474
1218 1 457 471
1219 1 457 472
1220 1 457 475
1221 1 458 472
1222 1 458 473
1223 1 458 476
1224 1 459 473
1225 1 459 474
1226 1 459 477
1227 1 460 474
1228 1 460 478
1229 1 461 475
1230 1 461 476
1231 1 461 479
1232 1 462 476
1233 1 462 477
1234 1 462 480
1235 1 463 477
1236 1 463 478
1237 1 464 479
1238 1 464 480
1239 1 465 495
1240 1 467 496
1241 1 481 498
1242 1 482 497
1243 1 482 500
1244 1 483 497
1245 1 483 498
1246 1 483 501
1247 1 484 498
1248 1 484 502
1249 1 485 499
1250 1 485 500
1251 1 485 503
1252 1 486 500
1253 1 486 501
1254 1 486 504
1255 1 487 501
1256 1 487 502
1257 1 487 505
1258 1 488 502
1259 1 488 506
1260 1 489 503
1261 1 489 504
1262 1 489 507
1263 1 490 504
1264 1 490 505
1265 1 490 508
1266 1 491 505
1267 1 491 506
1268 1 491 509
1269 1 492 506
1270 1 492 510
1271 1 493 507
1272 1 493 508
1273 1 493 511
1274 1 494 508
1275 1 494 509
1276 1 494 512
1277 1 495 509
1278 1 495 510
1279 1 496 511
1280 1 496 512
1281 1 1817 1834
1282 1 1817 1878
1283 1 1817 1963
1284 1 1818 1833
1285 1 1818 1836
1286 1 1818 1880
1287 1 1819 1833
1288 1 1819 1834
1289 1 1819 1837
1290 1 1820 1834
1291 1 1820 1838
1292 1 1820 1967
1293 1 1821 1835
1294 1 1821 1836
1295 1 1821 1839
1296 1 1822 1836
1297 1 1822 1837
1298 1 1822 1840
1299 1 1823 1837
1300 1 1823 1838
1301 1 1823 1841
1302 1 1824 1838
1303 1 1824 1842
1304 1 1824 1971
1305 1 1825 1839
1306 1 1825 1840
1307 1 1825 1843
1308 1 1826 1840
1309 1 1826 1841
1310 1 1826 1844
1311 1 1827 1841
1312 1 1827 1842
1313 1 1827 1845
1314 1 1828 1842
1315 1 1828 1846
1316 1 1828 1975
1317 1 1829 1843
1318 1 1829 1844
1319 1 1829 1847
1320 1 1830 1844
1321 1 1830 1845
1322 1 1830 1848
1323 1 1831 1845
1324 1 1831 1846
1325 1 1831 1929
1326 1 1832 1847
1327 1 1832 1848
1328 1 1832 1931
1329 1 1833 1863
1330 1 1835 1864
1331 1 1835 2201
1332 1 1839 2204
1333 1 1843 2208
1334 1 1846 1913
1335 1 1847 2212
1336 1 1848 1914
1337 1 1849 1866
1338 1 1849 1910
1339 1 1849 1995
1340 1 1850 1865
1341 1 1850 1868
1342 1 1850 1912
1343 1 1851 1865
1344 1 1851 1866
1345 1 1851 1869
1346 1 1852 1866
1347 1 1852 1870
1348 1 1852 1999
1349 1 1853 1867
1350 1 1853 1868
1351 1 1853 1871
1352 1 1854 1868
1353 1 1854 1869
1354 1 1854 1872
1355 1 1855 1869
1356 1 1855 1870
1357 1 1855 1873
1358 1 1856 1870
1359 1 1856 1874
1360 1 1856 2003
1361 1 1857 1871
1362 1 1857 1872
1363 1 1857 1875
1364 1 1858 1872
1365 1 1858 1873
1366 1 1858 1876
1367 1 1859 1873
1368 1 1859 1874
1369 1 1859 1877
1370 1 1860 1874
1371 1 1860 1878
1372 1 1860 2007
1373 1 1861 1875
1374 1 1861 1876
1375 1 1861 1879
1376 1 1862 1876
1377 1 1862 1877
1378 1 1862 1880
1379 1 1863 1877
1380 1 1863 1878
1381 1 1864 1879
1382 1 1864 1880
1383 1 1865 1895
1384 1 1867 1896
1385 1 1867 2233
1386 1 1871 2236
1387 1 1875 2240
1388 1 1879 2244
1389 1 1881 1898
1390 1 1881 1942
1391 1 1881 2027
1392 1 1882 1897
1393 1 1882 1900
1394 1 1882 1944
1395 1 1883 1897
1396 1 1883 1898
1397 1 1883 1901
1398 1 1884 1898
1399 1 1884 1902
1400 1 1884 2031
1401 1 1885 1899
1402 1 1885 1900
1403 1 1885 1903
1404 1 1886 1900
1405 1 1886 1901
1406 1 1886 1904
1407 1 1887 1901
1408 1 1887 1902
1409 1 1887 1905
1410 1 1888 1902
1411 1 1888 1906
1412 1 1888 2035
1413 1 1889 1903
1414 1 1889 1904
1415 1 1889 1907
1416 1 1890 1904
1417 1 1890 1905
1418 1 1890 1908
1419 1 1891 1905
1420 1 1891 1906
1421 1 1891 1909
1422 1 1892 1906
1423 1 1892 1910
1424 1 1892 2039
1425 1 1893 1907
1426 1 1893 1908
1427 1 1893 1911
1428 1 1894 1908
1429 1 1894 1909
1430 1 1894 1912
1431 1 1895 1909
1432 1 1895 1910
1433 1 1896 1911
1434 1 1896 1912
1435 1 1897 1927
1436 1 1899 1928
1437 1 1899 2265
1438 1 1903 2268
1439 1 1907 2272
1440 1 1911 2276
1441 1 1913 1930
1442 1 1913 2059
1443 1 1914 1929
1444 1 1914 1932
1445 1 1915 1929
1446 1 1915 1930
1447 1 1915 1933
1448 1 1916 1930
1449 1 1916 1934
1450 1 1916 2063
1451 1 1917 1931
1452 1 1917 1932
1453 1 1917 1935
1454 1 1918 1932
1455 1 1918 1933
1456 1 1918 1936
1457 1 1919 1933
1458 1 1919 1934
1459 1 1919 1937
1460 1 1920 1934
1461 1 1920 1938
1462 1 1920 2067
1463 1 1921 1935
1464 1 1921 1936
1465 1 1921 1939
1466 1 1922 1936
1467 1 1922 1937
1468 1 1922 1940
1469 1 1923 1937
1470 1 1923 1938
1471 1 1923 1941
1472 1 1924 1938
1473 1 1924 1942
1474 1 1924 2071
1475 1 1925 1939
1476 1 1925 1940
1477 1 1925 1943
1478 1 1926 1940
1479 1 1926 1941
1480 1 1926 1944
1481 1 1927 1941
1482 1 1927 1942
1483 1 1928 1943
1484 1 1928 1944
1485 1 1931 2297
1486 1 1935 2300
1487 1 1939 2304
1488 1 1943 2308
1489 1 1945 1962
1490 1 1945 2006
1491 1 1945 2091
1492 1 1946 1961
1493 1 1946 1964
1494 1 1946 2008
1495 1 1947 1961
1496 1 1947 1962
1497 1 1947 1965
1498 1 1948 1962
1499 1 1948 1966
1500 1 1948 2095
1501 1 1949 1963
1502 1 1949 1964
1503 1 1949 1967
1504 1 1950 1964
1505 1 1950 1965
1506 1 1950 1968
1507 1 1951 1965
1508 1 1951 1966
1509 1 1951 1969
1510 1 1952 1966
1511 1 1952 1970
1512 1 1952 2099
1513 1 1953 1967
1514 1 1953 1968
1515 1 1953 1971
1516 1 1954 1968
1517 1 1954 1969
1518 1 1954 1972
1519 1 1955 1969
1520 1 1955 1970
1521 1 1955 1973
1522 1 1956 1970
1523 1 1956 1974
1524 1 1956 2103
1525 1 1957 1971
1526 1 1957 1972
1527 1 1957 1975
1528 1 1958 1972
1529 1 1958 1973
1530 1 1958 1976
1531 1 1959 1973
1532 1 1959 1974
1533 1 1959 2057
1534 1 1960 1975
1535 1 1960 1976
1536 1 1960 2059
1537 1 1961 1991
1538 1 1963 1992
1539 1 1974 2041
1540 1 1976 2042
1541 1 1977 1994
1542 1 1977 2038
1543 1 1977 2123
1544 1 1978 1993
1545 1 1978 1996
1546 1 1978 2040
1547 1 1979 1993
1548 1 1979 1994
1549 1 1979 1997
1550 1 1980 1994
1551 1 1980 1998
1552 1 1980 2127
1553 1 1981 1995
1554 1 1981 1996
1555 1 1981 1999
1556 1 1982 1996
1557 1 1982 1997
1558 1 1982 2000
1559 1 1983 1997
1560 1 1983 1998
1561 1 1983 2001
1562 1 1984 1998
1563 1 1984 2002
1564 1 1984 2131
1565 1 1985 1999
1566 1 1985 2000
1567 1 1985 2003
1568 1 1986 2000
1569 1 1986 2001
1570 1 1986 2004
1571 1 1987 2001
1572 1 1987 2002
1573 1 1987 2005
1574 1 1988 2002
1575 1 1988 2006
1576 1 1988 2135
1577 1 1989 2003
1578 1 1989 2004
1579 1 1989 2007
1580 1 1990 2004
1581 1 1990 2005
1582 1 1990 2008
1583 1 1991 2005
1584 1 1991 2006
1585 1 1992 2007
1586 1 1992 2008
1587 1 1993 2023
1588 1 1995 2024
1589 1 2009 2026
1590 1 2009 2070
1591 1 2009 2155
1592 1 2010 2025
1593 1 2010 2028
1594 1 2010 2072
1595 1 2011 2025
1596 1 2011 2026
1597 1 2011 2029
1598 1 2012 2026
1599 1 2012 2030
1600 1 2012 2159
1601 1 2013 2027
1602 1 2013 2028
1603 1 2013 2031
1604 1 2014 2028
1605 1 2014 2029
1606 1 2014 2032
1607 1 2015 2029
1608 1 2015 2030
1609 1 2015 2033
1610 1 2016 2030
1611 1 2016 2034
1612 1 2016 2163
1613 1 2017 2031
1614 1 2017 2032
1615 1 2017 2035
1616 1 2018 2032
1617 1 2018 2033
1618 1 2018 2036
1619 1 2019 2033
1620 1 2019 2034
1621 1 2019 2037
1622 1 2020 2034
1623 1 2020 2038
1624 1 2020 2167
1625 1 2021 2035
1626 1 2021 2036
1627 1 2021 2039
1628 1 2022 2036
1629 1 2022 2037
1630 1 2022 2040
1631 1 2023 2037
1632 1 2023 2038
1633 1 2024 2039
1634 1 2024 2040
1635 1 2025 2055
1636 1 2027 2056
1637 1 2041 2058
1638 1 2041 2187
1639 1 2042 2057
1640 1 2042 2060
1641 1 2043 2057
1642 1 2043 2058
1643 1 2043 2061
1644 1 2044 2058
1645 1 2044 2062
1646 1 2044 2191
1647 1 2045 2059
1648 1 2045 2060
1649 1 2045 2063
1650 1 2046 2060
1651 1 2046 2061
1652 1 2046 2064
1653 1 2047 2061
1654 1 2047 2062
1655 1 2047 2065
1656 1 2048 2062
1657 1 2048 2066
1658 1 2048 2195
1659 1 2049 2063
1660 1 2049 2064
1661 1 2049 2067
1662 1 2050 2064
1663 1 2050 2065
1664 1 2050 2068
1665 1 2051 2065
1666 1 2051 2066
1667 1 2051 2069
1668 1 2052 2066
1669 1 2052 2070
1670 1 2052 2199
1671 1 2053 2067
1672 1 2053 2068
1673 1 2053 2071
1674 1 2054 2068
1675 1 2054 2069
1676 1 2054 2072
1677 1 2055 2069
1678 1 2055 2070
1679 1 2056 2071
1680 1 2056 2072
1681 1 2073 2090
1682 1 2073 2134
1683 1 2073 2219
1684 1 2074 2089
1685 1 2074 2092
1686 1 2074 2136
1687 1 2075 2089
1688 1 2075 2090
1689 1 2075 2093
1690 1 2076 2090
1691 1 2076 2094
1692 1 2076 2223
1693 1 2077 2091
1694 1 2077 2092
1695 1 2077 2095
1696 1 2078 2092
1697 1 2078 2093
1698 1 2078 2096
1699 1 2079 2093
1700 1 2079 2094
1701 1 2079 2097
1702 1 2080 2094
1703 1 2080 2098
1704 1 2080 2227
1705 1 2081 2095
1706 1 2081 2096
1707 1 2081 2099
1708 1 2082 2096
1709 1 2082 2097
1710 1 2082 2100
1711 1 2083 2097
1712 1 2083 2098
1713 1 2083 2101
1714 1 2084 2098
1715 1 2084 2102
1716 1 2084 2231
1717 1 2085 2099
1718 1 2085 2100
1719 1 2085 2103
1720 1 2086 2100
1721 1 2086 2101
1722 1 2086 2104
1723 1 2087 2101
1724 1 2087 2102
1725 1 2087 2185
1726 1 2088 2103
1727 1 2088 2104
1728 1 2088 2187
1729 1 2089 2119
1730 1 2091 2120
1731 1 2102 2169
1732 1 2104 2170
1733 1 2105 2122
1734 1 2105 2166
1735 1 2105 2251
1736 1 2106 2121
1737 1 2106 2124
1738 1 2106 2168
1739 1 2107 2121
1740 1 2107 2122
1741 1 2107 2125
1742 1 2108 2122
1743 1 2108 2126
1744 1 2108 2255
1745 1 2109 2123
1746 1 2109 2124
1747 1 2109 2127
1748 1 2110 2124
1749 1 2110 2125
1750 1 2110 2128
1751 1 2111 2125
1752 1 2111 2126
1753 1 2111 2129
1754 1 2112 2126
1755 1 2112 2130
1756 1 2112 2259
1757 1 2113 2127
1758 1 2113 2128
1759 1 2113 2131
1760 1 2114 2128
1761 1 2114 2129
1762 1 2114 2132
1763 1 2115 2129
1764 1 2115 2130
1765 1 2115 2133
1766 1 2116 2130
1767 1 2116 2134
1768 1 2116 2263
1769 1 2117 2131
1770 1 2117 2132
1771 1 2117 2135
1772 1 2118 2132
1773 1 2118 2133
1774 1 2118 2136
1775 1 2119 2133
1776 1 2119 2134
1777 1 2120 2135
1778 1 2120 2136
1779 1 2121 2151
1780 1 2123 2152
1781 1 2137 2154
1782 1 2137 2198
1783 1 2137 2283
1784 1 2138 2153
1785 1 2138 2156
1786 1 2138 2200
1787 1 2139 2153
1788 1 2139 2154
1789 1 2139 2157
1790 1 2140 2154
1791 1 2140 2158
1792 1 2140 2287
1793 1 2141 2155
1794 1 2141 2156
1795 1 2141 2159
1796 1 2142 2156
1797 1 2142 2157
1798 1 2142 2160
1799 1 2143 2157
1800 1 2143 2158
1801 1 2143 2161
1802 1 2144 2158
1803 1 2144 2162
1804 1 2144 2291
1805 1 2145 2159
1806 1 2145 2160
1807 1 2145 2163
1808 1 2146 2160
1809 1 2146 2161
1810 1 2146 2164
1811 1 2147 2161
1812 1 2147 2162
1813 1 2147 2165
1814 1 2148 2162
1815 1 2148 2166
1816 1 2148 2295
1817 1 2149 2163
1818 1 2149 2164
1819 1 2149 2167
1820 1 2150 2164
1821 1 2150 2165
1822 1 2150 2168
1823 1 2151 2165
1824 1 2151 2166
1825 1 2152 2167
1826 1 2152 2168
1827 1 2153 2183
1828 1 2155 2184
1829 1 2169 2186
1830 1 2169 2315
1831 1 2170 2185
1832 1 2170 2188
1833 1 2171 2185
1834 1 2171 2186
1835 1 2171 2189
1836 1 2172 2186
1837 1 2172 2190
1838 1 2172 2319
1839 1 2173 2187
1840 1 2173 2188
1841 1 2173 2191
1842 1 2174 2188
1843 1 2174 2189
1844 1 2174 2192
1845 1 2175 2189
1846 1 2175 2190
1847 1 2175 2193
1848 1 2176 2190
1849 1 2176 2194
1850 1 2176 2323
1851 1 2177 2191
1852 1 2177 2192
1853 1 2177 2195
1854 1 2178 2192
1855 1 2178 2193
1856 1 2178 2196
1857 1 2179 2193
1858 1 2179 2194
1859 1 2179 2197
1860 1 2180 2194
1861 1 2180 2198
1862 1 2180 2327
1863 1 2181 2195
1864 1 2181 2196
1865 1 2181 2199
1866 1 2182 2196
1867 1 2182 2197
1868 1 2182 2200
1869 1 2183 2197
1870 1 2183 2198
1871 1 2184 2199
1872 1 2184 2200
1873 1 2201 2218
1874 1 2201 2262
1875 1 2202 2217
1876 1 2202 2220
1877 1 2202 2264
1878 1 2203 2217
1879 1 2203 2218
1880 1 2203 2221
1881 1 2204 2218
1882 1 2204 2222
1883 1 2205 2219
1884 1 2205 2220
1885 1 2205 2223
1886 1 2206 2220
1887 1 2206 2221
1888 1 2206 2224
1889 1 2207 2221
1890 1 2207 2222
1891 1 2207 2225
1892 1 2208 2222
1893 1 2208 2226
1894 1 2209 2223
1895 1 2209 2224
1896 1 2209 2227
1897 1 2210 2224
1898 1 2210 2225
1899 1 2210 2228
1900 1 2211 2225
1901 1 2211 2226
1902 1 2211 2229
1903 1 2212 2226
1904 1 2212 2230
1905 1 2213 2227
1906 1 2213 2228
1907 1 2213 2231
1908 1 2214 2228
1909 1 2214 2229
1910 1 2214 2232
1911 1 2215 2229
1912 1 2215 2230
1913 1 2215 2313
1914 1 2216 2231
1915 1 2216 2232
1916 1 2216 2315
1917 1 2217 2247
1918 1 2219 2248
1919 1 2230 2297
1920 1 2232 2298
1921 1 2233 2250
1922 1 2233 2294
1923 1 2234 2249
1924 1 2234 2252
1925 1 2234 2296
1926 1 2235 2249
1927 1 2235 2250
1928 1 2235 2253
1929 1 2236 2250
1930 1 2236 2254
1931 1 2237 2251
1932 1 2237 2252
1933 1 2237 2255
1934 1 2238 2252
1935 1 2238 2253
1936 1 2238 2256
1937 1 2239 2253
1938 1 2239 2254
1939 1 2239 2257
1940 1 2240 2254
1941 1 2240 2258
1942 1 2241 2255
1943 1 2241 2256
1944 1 2241 2259
1945 1 2242 2256
1946 1 2242 2257
1947 1 2242 2260
1948 1 2243 2257
1949 1 2243 2258
1950 1 2243 2261
1951 1 2244 2258
1952 1 2244 2262
1953 1 2245 2259
1954 1 2245 2260
1955 1 2245 2263
1956 1 2246 2260
1957 1 2246 2261
1958 1 2246 2264
1959 1 2247 2261
1960 1 2247 2262
1961 1 2248 2263
1962 1 2248 2264
1963 1 2249 2279
1964 1 2251 2280
1965 1 2265 2282
1966 1 2265 2326
1967 1 2266 2281
1968 1 2266 2284
1969 1 2266 2328
1970 1 2267 2281
1971 1 2267 2282
1972 1 2267 2285
1973 1 2268 2282
1974 1 2268 2286
1975 1 2269 2283
1976 1 2269 2284
1977 1 2269 2287
1978 1 2270 2284
1979 1 2270 2285
1980 1 2270 2288
1981 1 2271 2285
1982 1 2271 2286
1983 1 2271 2289
1984 1 2272 2286
1985 1 2272 2290
1986 1 2273 2287
1987 1 2273 2288
1988 1 2273 2291
1989 1 2274 2288
1990 1 2274 2289
1991 1 2274 2292
1992 1 2275 2289
1993 1 2275 2290
1994 1 2275 2293
1995 1 2276 2290
1996 1 2276 2294
1997 1 2277 2291
1998 1 2277 2292
1999 1 2277 2295
2000 1 2278 2292
2001 1 2278 2293
2002 1 2278 2296
2003 1 2279 2293
2004 1 2279 2294
2005 1 2280 2295
2006 1 2280 2296
2007 1 2281 2311
2008 1 2283 2312
2009 1 2297 2314
2010 1 2298 2313
2011 1 2298 2316
2012 1 2299 2313
2013 1 2299 2314
2014 1 2299 2317
2015 1 2300 2314
2016 1 2300 2318
2017 1 2301 2315
2018 1 2301 2316
2019 1 2301 2319
2020 1 2302 2316
2021 1 2302 2317
2022 1 2302 2320
2023 1 2303 2317
2024 1 2303 2318
2025 1 2303 2321
2026 1 2304 2318
2027 1 2304 2322
2028 1 2305 2319
2029 1 2305 2320
2030 1 2305 2323
2031 1 2306 2320
2032 1 2306 2321
2033 1 2306 2324
2034 1 2307 2321
2035 1 2307 2322
2036 1 2307 2325
2037 1 2308 2322
2038 1 2308 2326
2039 1 2309 2323
2040 1 2309 2324
2041 1 2309 2327
2042 1 2310 2324
2043 1 2310 2325
2044 1 2310 2328
2045 1 2311 2325
2046 1 2311 2326
2047 1 2312 2327
2048 1 2312 2328
2049 1 3633 3650
2050 1 3633 3694
2051 1 3633 3779
2052 1 3634 3649
2053 1 3634 3652
2054 1 3634 3696
2055 1 3635 3649
2056 1 3635 3650
2057 1 3635 3653
2058 1 3636 3650
2059 1 3636 3654
2060 1 3636 3783
2061 1 3637 3651
2062 1 3637 3652
2063 1 3637 3655
2064 1 3638 3652
2065 1 3638 3653
2066 1 3638 3656
2067 1 3639 3653
2068 1 3639 3654
2069 1 3639 3657
2070 1 3640 3654
2071 1 3640 3658
2072 1 3640 3787
2073 1 3641 3655
2074 1 3641 3656
2075 1 3641 3659
2076 1 3642 3656
2077 1 3642 3657
2078 1 3642 3660
2079 1 3643 3657
2080 1 3643 3658
2081 1 3643 3661
2082 1 3644 3658
2083 1 3644 3662
2084 1 3644 3791
2085 1 3645 3659
2086 1 3645 3660
2087 1 3645 3663
2088 1 3646 3660
2089 1 3646 3661
2090 1 3646 3664
2091 1 3647 3661
2092 1 3647 3662
2093 1 3647 3745
2094 1 3648 3663
2095 1 3648 3664
2096 1 3648 3747
2097 1 3649 3679
2098 1 3651 3680
2099 1 3651 4017
2100 1 3655 4020
2101 1 3659 4024
2102 1 3662 3729
2103 1 3663 4028
2104 1 3664 3730
2105 1 3665 3682
2106 1 3665 3726
2107 1 3665 3811
2108 1 3666 3681
2109 1 3666 3684
2110 1 3666 3728
2111 1 3667 3681
2112 1 3667 3682
2113 1 3667 3685
2114 1 3668 3682
2115 1 3668 3686
2116 1 3668 3815
2117 1 3669 3683
2118 1 3669 3684
2119 1 3669 3687
2120 1 3670 3684
2121 1 3670 3685
2122 1 3670 3688
2123 1 3671 3685
2124 1 3671 3686
2125 1 3671 3689
2126 1 3672 3686
2127 1 3672 3690
2128 1 3672 3819
2129 1 3673 3687
2130 1 3673 3688
2131 1 3673 3691
2132 1 3674 3688
2133 1 3674 3689
2134 1 3674 3692
2135 1 3675 3689
2136 1 3675 3690
2137 1 3675 3693
2138 1 3676 3690
2139 1 3676 3694
2140 1 3676 3823
2141 1 3677 3691
2142 1 3677 3692
2143 1 3677 3695
2144 1 3678 3692
2145 1 3678 3693
2146 1 3678 3696
2147 1 3679 3693
2148 1 3679 3694
2149 1 3680 3695
2150 1 3680 3696
2151 1 3681 3711
2152 1 3683 3712
2153 1 3683 4049
2154 1 3687 4052
2155 1 3691 4056
2156 1 3695 4060
2157 1 3697 3714
2158 1 3697 3758
2159 1 3697 3843
2160 1 3698 3713
2161 1 3698 3716
2162 1 3698 3760
2163 1 3699 3713
2164 1 3699 3714
2165 1 3699 3717
2166 1 3700 3714
2167 1 3700 3718
2168 1 3700 3847
2169 1 3701 3715
2170 1 3701 3716
2171 1 3701 3719
2172 1 3702 3716
2173 1 3702 3717
2174 1 3702 3720
2175 1 3703 3717
2176 1 3703 3718
2177 1 3703 3721
2178 1 3704 3718
2179 1 3704 3722
2180 1 3704 3851
2181 1 3705 3719
2182 1 3705 3720
2183 1 3705 3723
2184 1 3706 3720
2185 1 3706 3721
2186 1 3706 3724
2187 1 3707 3721
2188 1 3707 3722
2189 1 3707 3725
2190 1 3708 3722
2191 1 3708 3726
2192 1 3708 3855
2193 1 3709 3723
2194 1 3709 3724
2195 1 3709 3727
2196 1 3710 3724
2197 1 3710 3725
2198 1 3710 3728
2199 1 3711 3725
2200 1 3711 3726
2201 1 3712 3727
2202 1 3712 3728
2203 1 3713 3743
2204 1 3715 3744
2205 1 3715 4081
2206 1 3719 4084
2207 1 3723 4088
2208 1 3727 4092
2209 1 3729 3746
2210 1 3729 3875
2211 1 3730 3745
2212 1 3730 3748
2213 1 3731 3745
2214 1 3731 3746
2215 1 3731 3749
2216 1 3732 3746
2217 1 3732 3750
2218 1 3732 3879
2219 1 3733 3747
2220 1 3733 3748
2221 1 3733 3751
2222 1 3734 3748
2223 1 3734 3749
2224 1 3734 3752
2225 1 3735 3749
2226 1 3735 3750
2227 1 3735 3753
2228 1 3736 3750
2229 1 3736 3754
2230 1 3736 3883
2231 1 3737 3751
2232 1 3737 3752
2233 1 3737 3755
2234 1 3738 3752
2235 1 3738 3753
2236 1 3738 3756
2237 1 3739 3753
2238 1 3739 3754
2239 1 3739 3757
2240 1 3740 3754
2241 1 3740 3758
2242 1 3740 3887
2243 1 3741 3755
2244 1 3741 3756
2245 1 3741 3759
2246 1 3742 3756
2247 1 3742 3757
2248 1 3742 3760
2249 1 3743 3757
2250 1 3743 3758
2251 1 3744 3759
2252 1 3744 3760
2253 1 3747 4113
2254 1 3751 4116
2255 1 3755 4120
2256 1 3759 4124
2257 1 3761 3778
2258 1 3761 3822
2259 1 3761 3907
2260 1 3762 3777
2261 1 3762 3780
2262 1 3762 3824
2263 1 3763 3777
2264 1 3763 3778
2265 1 3763 3781
2266 1 3764 3778
2267 1 3764 3782
2268 1 3764 3911
2269 1 3765 3779
2270 1 3765 3780
2271 1 3765 3783
2272 1 3766 3780
2273 1 3766 3781
2274 1 3766 3784
2275 1 3767 3781
2276 1 3767 3782
2277 1 3767 3785
2278 1 3768 3782
2279 1 3768 3786
2280 1 3768 3915
2281 1 3769 3783
2282 1 3769 3784
2283 1 3769 3787
2284 1 3770 3784
2285 1 3770 3785
2286 1 3770 3788
2287 1 3771 3785
2288 1 3771 3786
2289 1 3771 3789
2290 1 3772 3786
2291 1 3772 3790
2292 1 3772 3919
2293 1 3773 3787
2294 1 3773 3788
2295 1 3773 3791
2296 1 3774 3788
2297 1 3774 3789
2298 1 3774 3792
2299 1 3775 3789
2300 1 3775 3790
2301 1 3775 3873
2302 1 3776 3791
2303 1 3776 3792
2304 1 3776 3875
2305 1 3777 3807
2306 1 3779 3808
2307 1 3790 3857
2308 1 3792 3858
2309 1 3793 3810
2310 1 3793 3854
2311 1 3793 3939
2312 1 3794 3809
2313 1 3794 3812
2314 1 3794 3856
2315 1 3795 3809
2316 1 3795 3810
2317 1 3795 3813
2318 1 3796 3810
2319 1 3796 3814
2320 1 3796 3943
2321 1 3797 3811
2322 1 3797 3812
2323 1 3797 3815
2324 1 3798 3812
2325 1 3798 3813
2326 1 3798 3816
2327 1 3799 3813
2328 1 3799 3814
2329 1 3799 3817
2330 1 3800 3814
2331 1 3800 3818
2332 1 3800 3947
2333 1 3801 3815
2334 1 3801 3816
2335 1 3801 3819
2336 1 3802 3816
2337 1 3802 3817
2338 1 3802 3820
2339 1 3803 3817
2340 1 3803 3818
2341 1 3803 3821
2342 1 3804 3818
2343 1 3804 3822
2344 1 3804 3951
2345 1 3805 3819
2346 1 3805 3820
2347 1 3805 3823
2348 1 3806 3820
2349 1 3806 3821
2350 1 3806 3824
2351 1 3807 3821
2352 1 3807 3822
2353 1 3808 3823
2354 1 3808 3824
2355 1 3809 3839
2356 1 3811 3840
2357 1 3825 3842
2358 1 3825 3886
2359 1 3825 3971
2360 1 3826 3841
2361 1 3826 3844
2362 1 3826 3888
2363 1 3827 3841
2364 1 3827 3842
2365 1 3827 3845
2366 1 3828 3842
2367 1 3828 3846
2368 1 3828 3975
2369 1 3829 3843
2370 1 3829 3844
2371 1 3829 3847
2372 1 3830 3844
2373 1 3830 3845
2374 1 3830 3848
2375 1 3831 3845
2376 1 3831 3846
2377 1 3831 3849
2378 1 3832 3846
2379 1 3832 3850
2380 1 3832 3979
2381 1 3833 3847
2382 1 3833 3848
2383 1 3833 3851
2384 1 3834 3848
2385 1 3834 3849
2386 1 3834 3852
2387 1 3835 3849
2388 1 3835 3850
2389 1 3835 3853
2390 1 3836 3850
2391 1 3836 3854
2392 1 3836 3983
2393 1 3837 3851
2394 1 3837 3852
2395 1 3837 3855
2396 1 3838 3852
2397 1 3838 3853
2398 1 3838 3856
2399 1 3839 3853
2400 1 3839 3854
2401 1 3840 3855
2402 1 3840 3856
2403 1 3841 3871
2404 1 3843 3872
2405 1 3857 3874
2406 1 3857 4003
2407 1 3858 3873
2408 1 3858 3876
2409 1 3859 3873
2410 1 3859 3874
2411 1 3859 3877
2412 1 3860 3874
2413 1 3860 3878
2414 1 3860 4007
2415 1 3861 3875
2416 1 3861 3876
2417 1 3861 3879
2418 1 3862 3876
2419 1 3862 3877
2420 1 3862 3880
2421 1 3863 3877
2422 1 3863 3878
2423 1 3863 3881
2424 1 3864 3878
2425 1 3864 3882
2426 1 3864 4011
2427 1 3865 3879
2428 1 3865 3880
2429 1 3865 3883
2430 1 3866 3880
2431 1 3866 3881
2432 1 3866 3884
2433 1 3867 3881
2434 1 3867 3882
2435 1 3867 3885
2436 1 3868 3882
2437 1 3868 3886
2438 1 3868 4015
2439 1 3869 3883
2440 1 3869 3884
2441 1 3869 3887
2442 1 3870 3884
2443 1 3870 3885
2444 1 3870 3888
2445 1 3871 3885
2446 1 3871 3886
2447 1 3872 3887
2448 1 3872 3888
2449 1 3889 3906
2450 1 3889 3950
2451 1 3889 4035
2452 1 3890 3905
2453 1 3890 3908
2454 1 3890 3952
2455 1 3891 3905
2456 1 3891 3906
2457 1 3891 3909
2458 1 3892 3906
2459 1 3892 3910
2460 1 3892 4039
2461 1 3893 3907
2462 1 3893 3908
2463 1 3893 3911
2464 1 3894 3908
2465 1 3894 3909
2466 1 3894 3912
2467 1 3895 3909
2468 1 3895 3910
2469 1 3895 3913
2470 1 3896 3910
2471 1 3896 3914
2472 1 3896 4043
2473 1 3897 3911
2474 1 3897 3912
2475 1 3897 3915
2476 1 3898 3912
2477 1 3898 3913
2478 1 3898 3916
2479 1 3899 3913
2480 1 3899 3914
2481 1 3899 3917
2482 1 3900 3914
2483 1 3900 3918
2484 1 3900 4047
2485 1 3901 3915
2486 1 3901 3916
2487 1 3901 3919
2488 1 3902 3916
2489 1 3902 3917
2490 1 3902 3920
2491 1 3903 3917
2492 1 3903 3918
2493 1 3903 4001
2494 1 3904 3919
2495 1 3904 3920
2496 1 3904 4003
2497 1 3905 3935
2498 1 3907 3936
2499 1 3918 3985
2500 1 3920 3986
2501 1 3921 3938
2502 1 3921 3982
2503 1 3921 4067
2504 1 3922 3937
2505 1 3922 3940
2506 1 3922 3984
2507 1 3923 3937
2508 1 3923 3938
2509 1 3923 3941
2510 1 3924 3938
2511 1 3924 3942
2512 1 3924 4071
2513 1 3925 3939
2514 1 3925 3940
2515 1 3925 3943
2516 1 3926 3940
2517 1 3926 3941
2518 1 3926 3944
2519 1 3927 3941
2520 1 3927 3942
2521 1 3927 3945
2522 1 3928 3942
2523 1 3928 3946
2524 1 3928 4075
2525 1 3929 3943
2526 1 3929 3944
2527 1 3929 3947
2528 1 3930 3944
2529 1 3930 3945
2530 1 3930 3948
2531 1 3931 3945
2532 1 3931 3946
2533 1 3931 3949
2534 1 3932 3946
2535 1 3932 3950
2536 1 3932 4079
2537 1 3933 3947
2538 1 3933 3948
2539 1 3933 3951
2540 1 3934 3948
2541 1 3934 3949
2542 1 3934 3952
2543 1 3935 3949
2544 1 3935 3950
2545 1 3936 3951
2546 1 3936 3952
2547 1 3937 3967
2548 1 3939 3968
2549 1 3953 3970
2550 1 3953 4014
2551 1 3953 4099
2552 1 3954 3969
2553 1 3954 3972
2554 1 3954 4016
2555 1 3955 3969
2556 1 3955 3970
2557 1 3955 3973
2558 1 3956 3970
2559 1 3956 3974
2560 1 3956 4103
2561 1 3957 3971
2562 1 3957 3972
2563 1 3957 3975
2564 1 3958 3972
2565 1 3958 3973
2566 1 3958 3976
2567 1 3959 3973
2568 1 3959 3974
2569 1 3959 3977
2570 1 3960 3974
2571 1 3960 3978
2572 1 3960 4107
2573 1 3961 3975
2574 1 3961 3976
2575 1 3961 3979
2576 1 3962 3976
2577 1 3962 3977
2578 1 3962 3980
2579 1 3963 3977
2580 1 3963 3978
2581 1 3963 3981
2582 1 3964 3978
2583 1 3964 3982
2584 1 3964 4111
2585 1 3965 3979
2586 1 3965 3980
2587 1 3965 3983
2588 1 3966 3980
2589 1 3966 3981
2590 1 3966 3984
2591 1 3967 3981
2592 1 3967 3982
2593 1 3968 3983
2594 1 3968 3984
2595 1 3969 3999
2596 1 3971 4000
2597 1 3985 4002
2598 1 3985 4131
2599 1 3986 4001
2600 1 3986 4004
2601 1 3987 4001
2602 1 3987 4002
2603 1 3987 4005
2604 1 3988 4002
2605 1 3988 4006
2606 1 3988 4135
2607 1 3989 4003
2608 1 3989 4004
2609 1 3989 4007
2610 1 3990 4004
2611 1 3990 4005
2612 1 3990 4008
2613 1 3991 4005
2614 1 3991 4006
2615 1 3991 4009
2616 1 3992 4006
2617 1 3992 4010
2618 1 3992 4139
2619 1 3993 4007
2620 1 3993 4008
2621 1 3993 4011
2622 1 3994 4008
2623 1 3994 4009
2624 1 3994 4012
2625 1 3995 4009
2626 1 3995 4010
2627 1 3995 4013
2628 1 3996 4010
2629 1 3996 4014
2630 1 3996 4143
2631 1 3997 4011
2632 1 3997 4012
2633 1 3997 4015
2634 1 3998 4012
2635 1 3998 4013
2636 1 3998 4016
2637 1 3999 4013
2638 1 3999 4014
2639 1 4000 4015
2640 1 4000 4016
2641 1 4017 4034
2642 1 4017 4078
2643 1 4018 4033
2644 1 4018 4036
2645 1 4018 4080
2646 1 4019 4033
2647 1 4019 4034
2648 1 4019 4037
2649 1 4020 4034
2650 1 4020 4038
2651 1 4021 4035
2652 1 4021 4036
2653 1 4021 4039
2654 1 4022 4036
2655 1 4022 4037
2656 1 4022 4040
2657 1 4023 4037
2658 1 4023 4038
2659 1 4023 4041
2660 1 4024 4038
2661 1 4024 4042
2662 1 4025 4039
2663 1 4025 4040
2664 1 4025 4043
2665 1 4026 4040
2666 1 4026 4041
2667 1 4026 4044
2668 1 4027 4041
2669 1 4027 4042
2670 1 4027 4045
2671 1 4028 4042
2672 1 4028 4046
2673 1 4029 4043
2674 1 4029 4044
2675 1 4029 4047
2676 1 4030 4044
2677 1 4030 4045
2678 1 4030 4048
2679 1 4031 4045
2680 1 4031 4046
2681 1 4031 4129
2682 1 4032 4047
2683 1 4032 4048
2684 1 4032 4131
2685 1 4033 4063
2686 1 4035 4064
2687 1 4046 4113
2688 1 4048 4114
2689 1 4049 4066
2690 1 4049 4110
2691 1 4050 4065
2692 1 4050 4068
2693 1 4050 4112
2694 1 4051 4065
2695 1 4051 4066
2696 1 4051 4069
2697 1 4052 4066
2698 1 4052 4070
2699 1 4053 4067
2700 1 4053 4068
2701 1 4053 4071
2702 1 4054 4068
2703 1 4054 4069
2704 1 4054 4072
2705 1 4055 4069
2706 1 4055 4070
2707 1 4055 4073
2708 1 4056 4070
2709 1 4056 4074
2710 1 4057 4071
2711 1 4057 4072
2712 1 4057 4075
2713 1 4058 4072
2714 1 4058 4073
2715 1 4058 4076
2716 1 4059 4073
2717 1 4059 4074
2718 1 4059 4077
2719 1 4060 4074
2720 1 4060 4078
2721 1 4061 4075
2722 1 4061 4076
2723 1 4061 4079
2724 1 4062 4076
2725 1 4062 4077
2726 1 4062 4080
2727 1 4063 4077
2728 1 4063 4078
2729 1 4064 4079
2730 1 4064 4080
2731 1 4065 4095
2732 1 4067 4096
2733 1 4081 4098
2734 1 4081 4142
2735 1 4082 4097
2736 1 4082 4100
2737 1 4082 4144
2738 1 4083 4097
2739 1 4083 4098
2740 1 4083 4101
2741 1 4084 4098
2742 1 4084 4102
2743 1 4085 4099
2744 1 4085 4100
2745 1 4085 4103
2746 1 4086 4100
2747 1 4086 4101
2748 1 4086 4104
2749 1 4087 4101
2750 1 4087 4102
2751 1 4087 4105
2752 1 4088 4102
2753 1 4088 4106
2754 1 4089 4103
2755 1 4089 4104
2756 1 4089 4107
2757 1 4090 4104
2758 1 4090 4105
2759 1 4090 4108
2760 1 4091 4105
2761 1 4091 4106
2762 1 4091 4109
2763 1 4092 4106
2764 1 4092 4110
2765 1 4093 4107
2766 1 4093 4108
2767 1 4093 4111
2768 1 4094 4108
2769 1 4094 4109
2770 1 4094 4112
2771 1 4095 4109
2772 1 4095 4110
2773 1 4096 4111
2774 1 4096 4112
2775 1 4097 4127
2776 1 4099 4128
2777 1 4113 4130
2778 1 4114 4129
2779 1 4114 4132
2780 1 4115 4129
2781 1 4115 4130
2782 1 4115 4133
2783 1 4116 4130
2784 1 4116 4134
2785 1 4117 4131
2786 1 4117 4132
2787 1 4117 4135
2788 1 4118 4132
2789 1 4118 4133
2790 1 4118 4136
2791 1 4119 4133
2792 1 4119 4134
2793 1 4119 4137
2794 1 4120 4134
2795 1 4120 4138
2796 1 4121 4135
2797 1 4121 4136
2798 1 4121 4139
2799 1 4122 4136
2800 1 4122 4137
2801 1 4122 4140
2802 1 4123 4137
2803 1 4123 4138
2804 1 4123 4141
2805 1 4124 4138
2806 1 4124 4142
2807 1 4125 4139
2808 1 4125 4140
2809 1 4125 4143
2810 1 4126 4140
2811 1 4126 4141
2812 1 4126 4144
2813 1 4127 4141
2814 1 4127 4142
2815 1 4128 4143
2816 1 4128 4144
2817 1 5449 5466
2818 1 5449 5510
2819 1 5449 5595
2820 1 5450 5465
2821 1 5450 5468
2822 1 5450 5512
2823 1 5451 5465
2824 1 5451 5466
2825 1 5451 5469
2826 1 5452 5466
2827 1 5452 5470
2828 1 5452 5599
2829 1 5453 5467
2830 1 5453 5468
2831 1 5453 5471
2832 1 5454 5468
2833 1 5454 5469
2834 1 5454 5472
2835 1 5455 5469
2836 1 5455 5470
2837 1 5455 5473
2838 1 5456 5470
2839 1 5456 5474
2840 1 5456 5603
2841 1 5457 5471
2842 1 5457 5472
2843 1 5457 5475
2844 1 5458 5472
2845 1 5458 5473
2846 1 5458 5476
2847 1 5459 5473
2848 1 5459 5474
2849 1 5459 5477
2850 1 5460 5474
2851 1 5460 5478
2852 1 5460 5607
2853 1 5461 5475
2854 1 5461 5476
2855 1 5461 5479
2856 1 5462 5476
2857 1 5462 5477
2858 1 5462 5480
2859 1 5463 5477
2860 1 5463 5478
2861 1 5463 5561
2862 1 5464 5479
2863 1 5464 5480
2864 1 5464 5563
2865 1 5465 5495
2866 1 5467 5496
2867 1 5467 5833
2868 1 5471 5836
2869 1 5475 5840
2870 1 5478 5545
2871 1 5479 5844
2872 1 5480 5546
2873 1 5481 5498
2874 1 5481 5542
2875 1 5481 5627
2876 1 5482 5497
2877 1 5482 5500
2878 1 5482 5544
2879 1 5483 5497
2880 1 5483 5498
2881 1 5483 5501
2882 1 5484 5498
2883 1 5484 5502
2884 1 5484 5631
2885 1 5485 5499
2886 1 5485 5500
2887 1 5485 5503
2888 1 5486 5500
2889 1 5486 5501
2890 1 5486 5504
2891 1 5487 5501
2892 1 5487 5502
2893 1 5487 5505
2894 1 5488 5502
2895 1 5488 5506
2896 1 5488 5635
2897 1 5489 5503
2898 1 5489 5504
2899 1 5489 5507
2900 1 5490 5504
2901 1 5490 5505
2902 1 5490 5508
2903 1 5491 5505
2904 1 5491 5506
2905 1 5491 5509
2906 1 5492 5506
2907 1 5492 5510
2908 1 5492 5639
2909 1 5493 5507
2910 1 5493 5508
2911 1 5493 5511
2912 1 5494 5508
2913 1 5494 5509
2914 1 5494 5512
2915 1 5495 5509
2916 1 5495 5510
2917 1 5496 5511
2918 1 5496 5512
2919 1 5497 5527
2920 1 5499 5528
2921 1 5499 5865
2922 1 5503 5868
2923 1 5507 5872
2924 1 5511 5876
2925 1 5513 5530
2926 1 5513 5574
2927 1 5513 5659
2928 1 5514 5529
2929 1 5514 5532
2930 1 5514 5576
2931 1 5515 5529
2932 1 5515 5530
2933 1 5515 5533
2934 1 5516 5530
2935 1 5516 5534
2936 1 5516 5663
2937 1 5517 5531
2938 1 5517 5532
2939 1 5517 5535
2940 1 5518 5532
2941 1 5518 5533
2942 1 5518 5536
2943 1 5519 5533
2944 1 5519 5534
2945 1 5519 5537
2946 1 5520 5534
2947 1 5520 5538
2948 1 5520 5667
2949 1 5521 5535
2950 1 5521 5536
2951 1 5521 5539
2952 1 5522 5536
2953 1 5522 5537
2954 1 5522 5540
2955 1 5523 5537
2956 1 5523 5538
2957 1 5523 5541
2958 1 5524 5538
2959 1 5524 5542
2960 1 5524 5671
2961 1 5525 5539
2962 1 5525 5540
2963 1 5525 5543
2964 1 5526 5540
2965 1 5526 5541
2966 1 5526 5544
2967 1 5527 5541
2968 1 5527 5542
2969 1 5528 5543
2970 1 5528 5544
2971 1 5529 5559
2972 1 5531 5560
2973 1 5531 5897
2974 1 5535 5900
2975 1 5539 5904
2976 1 5543 5908
2977 1 5545 5562
2978 1 5545 5691
2979 1 5546 5561
2980 1 5546 5564
2981 1 5547 5561
2982 1 5547 5562
2983 1 5547 5565
2984 1 5548 5562
2985 1 5548 5566
2986 1 5548 5695
2987 1 5549 5563
2988 1 5549 5564
2989 1 5549 5567
2990 1 5550 5564
2991 1 5550 5565
2992 1 5550 5568
2993 1 5551 5565
2994 1 5551 5566
2995 1 5551 5569
2996 1 5552 5566
2997 1 5552 5570
2998 1 5552 5699
2999 1 5553 5567
3000 1 5553 5568
3001 1 5553 5571
3002 1 5554 5568
3003 1 5554 5569
3004 1 5554 5572
3005 1 5555 5569
3006 1 5555 5570
3007 1 5555 5573
3008 1 5556 5570
3009 1 5556 5574
3010 1 5556 5703
3011 1 5557 5571
3012 1 5557 5572
3013 1 5557 5575
3014 1 5558 5572
3015 1 5558 5573
3016 1 5558 5576
3017 1 5559 5573
3018 1 5559 5574
3019 1 5560 5575
3020 1 5560 5576
3021 1 5563 5929
3022 1 5567 5932
3023 1 5571 5936
3024 1 5575 5940
3025 1 5577 5594
3026 1 5577 5638
3027 1 5577 5723
3028 1 5578 5593
3029 1 5578 5596
3030 1 5578 5640
3031 1 5579 5593
3032 1 5579 5594
3033 1 5579 5597
3034 1 5580 5594
3035 1 5580 5598
3036 1 5580 5727
3037 1 5581 5595
3038 1 5581 5596
3039 1 5581 5599
3040 1 5582 5596
3041 1 5582 5597
3042 1 5582 5600
3043 1 5583 5597
3044 1 5583 5598
3045 1 5583 5601
3046 1 5584 5598
3047 1 5584 5602
3048 1 5584 5731
3049 1 5585 5599
3050 1 5585 5600
3051 1 5585 5603
3052 1 5586 5600
3053 1 5586 5601
3054 1 5586 5604
3055 1 5587 5601
3056 1 5587 5602
3057 1 5587 5605
3058 1 5588 5602
3059 1 5588 5606
3060 1 5588 5735
3061 1 5589 5603
3062 1 5589 5604
3063 1 5589 5607
3064 1 5590 5604
3065 1 5590 5605
3066 1 5590 5608
3067 1 5591 5605
3068 1 5591 5606
3069 1 5591 5689
3070 1 5592 5607
3071 1 5592 5608
3072 1 5592 5691
3073 1 5593 5623
3074 1 5595 5624
3075 1 5606 5673
3076 1 5608 5674
3077 1 5609 5626
3078 1 5609 5670
3079 1 5609 5755
3080 1 5610 5625
3081 1 5610 5628
3082 1 5610 5672
3083 1 5611 5625
3084 1 5611 5626
3085 1 5611 5629
3086 1 5612 5626
3087 1 5612 5630
3088 1 5612 5759
3089 1 5613 5627
3090 1 5613 5628
3091 1 5613 5631
3092 1 5614 5628
3093 1 5614 5629
3094 1 5614 5632
3095 1 5615 5629
3096 1 5615 5630
3097 1 5615 5633
3098 1 5616 5630
3099 1 5616 5634
3100 1 5616 5763
3101 1 5617 5631
3102 1 5617 5632
3103 1 5617 5635
3104 1 5618 5632
3105 1 5618 5633
3106 1 5618 5636
3107 1 5619 5633
3108 1 5619 5634
3109 1 5619 5637
3110 1 5620 5634
3111 1 5620 5638
3112 1 5620 5767
3113 1 5621 5635
3114 1 5621 5636
3115 1 5621 5639
3116 1 5622 5636
3117 1 5622 5637
3118 1 5622 5640
3119 1 5623 5637
3120 1 5623 5638
3121 1 5624 5639
3122 1 5624 5640
3123 1 5625 5655
3124 1 5627 5656
3125 1 5641 5658
3126 1 5641 5702
3127 1 5641 5787
3128 1 5642 5657
3129 1 5642 5660
3130 1 5642 5704
3131 1 5643 5657
3132 1 5643 5658
3133 1 5643 5661
3134 1 5644 5658
3135 1 5644 5662
3136 1 5644 5791
3137 1 5645 5659
3138 1 5645 5660
3139 1 5645 5663
3140 1 5646 5660
3141 1 5646 5661
3142 1 5646 5664
3143 1 5647 5661
3144 1 5647 5662
3145 1 5647 5665
3146 1 5648 5662
3147 1 5648 5666
3148 1 5648 5795
3149 1 5649 5663
3150 1 5649 5664
3151 1 5649 5667
3152 1 5650 5664
3153 1 5650 5665
3154 1 5650 5668
3155 1 5651 5665
3156 1 5651 5666
3157 1 5651 5669
3158 1 5652 5666
3159 1 5652 5670
3160 1 5652 5799
3161 1 5653 5667
3162 1 5653 5668
3163 1 5653 5671
3164 1 5654 5668
3165 1 5654 5669
3166 1 5654 5672
3167 1 5655 5669
3168 1 5655 5670
3169 1 5656 5671
3170 1 5656 5672
3171 1 5657 5687
3172 1 5659 5688
3173 1 5673 5690
3174 1 5673 5819
3175 1 5674 5689
3176 1 5674 5692
3177 1 5675 5689
3178 1 5675 5690
3179 1 5675 5693
3180 1 5676 5690
3181 1 5676 5694
3182 1 5676 5823
3183 1 5677 5691
3184 1 5677 5692
3185 1 5677 5695
3186 1 5678 5692
3187 1 5678 5693
3188 1 5678 5696
3189 1 5679 5693
3190 1 5679 5694
3191 1 5679 5697
3192 1 5680 5694
3193 1 5680 5698
3194 1 5680 5827
3195 1 5681 5695
3196 1 5681 5696
3197 1 5681 5699
3198 1 5682 5696
3199 1 5682 5697
3200 1 5682 5700
3201 1 5683 5697
3202 1 5683 5698
3203 1 5683 5701
3204 1 5684 5698
3205 1 5684 5702
3206 1 5684 5831
3207 1 5685 5699
3208 1 5685 5700
3209 1 5685 5703
3210 1 5686 5700
3211 1 5686 5701
3212 1 5686 5704
3213 1 5687 5701
3214 1 5687 5702
3215 1 5688 5703
3216 1 5688 5704
3217 1 5705 5722
3218 1 5705 5766
3219 1 5705 5851
3220 1 5706 5721
3221 1 5706 5724
3222 1 5706 5768
3223 1 5707 5721
3224 1 5707 5722
3225 1 5707 5725
3226 1 5708 5722
3227 1 5708 5726
3228 1 5708 5855
3229 1 5709 5723
3230 1 5709 5724
3231 1 5709 5727
3232 1 5710 5724
3233 1 5710 5725
3234 1 5710 5728
3235 1 5711 5725
3236 1 5711 5726
3237 1 5711 5729
3238 1 5712 5726
3239 1 5712 5730
3240 1 5712 5859
3241 1 5713 5727
3242 1 5713 5728
3243 1 5713 5731
3244 1 5714 5728
3245 1 5714 5729
3246 1 5714 5732
3247 1 5715 5729
3248 1 5715 5730
3249 1 5715 5733
3250 1 5716 5730
3251 1 5716 5734
3252 1 5716 5863
3253 1 5717 5731
3254 1 5717 5732
3255 1 5717 5735
3256 1 5718 5732
3257 1 5718 5733
3258 1 5718 5736
3259 1 5719 5733
3260 1 5719 5734
3261 1 5719 5817
3262 1 5720 5735
3263 1 5720 5736
3264 1 5720 5819
3265 1 5721 5751
3266 1 5723 5752
3267 1 5734 5801
3268 1 5736 5802
3269 1 5737 5754
3270 1 5737 5798
3271 1 5737 5883
3272 1 5738 5753
3273 1 5738 5756
3274 1 5738 5800
3275 1 5739 5753
3276 1 5739 5754
3277 1 5739 5757
3278 1 5740 5754
3279 1 5740 5758
3280 1 5740 5887
3281 1 5741 5755
3282 1 5741 5756
3283 1 5741 5759
3284 1 5742 5756
3285 1 5742 5757
3286 1 5742 5760
3287 1 5743 5757
3288 1 5743 5758
3289 1 5743 5761
3290 1 5744 5758
3291 1 5744 5762
3292 1 5744 5891
3293 1 5745 5759
3294 1 5745 5760
3295 1 5745 5763
3296 1 5746 5760
3297 1 5746 5761
3298 1 5746 5764
3299 1 5747 5761
3300 1 5747 5762
3301 1 5747 5765
3302 1 5748 5762
3303 1 5748 5766
3304 1 5748 5895
3305 1 5749 5763
3306 1 5749 5764
3307 1 5749 5767
3308 1 5750 5764
3309 1 5750 5765
3310 1 5750 5768
3311 1 5751 5765
3312 1 5751 5766
3313 1 5752 5767
3314 1 5752 5768
3315 1 5753 5783
3316 1 5755 5784
3317 1 5769 5786
3318 1 5769 5830
3319 1 5769 5915
3320 1 5770 5785
3321 1 5770 5788
3322 1 5770 5832
3323 1 5771 5785
3324 1 5771 5786
3325 1 5771 5789
3326 1 5772 5786
3327 1 5772 5790
3328 1 5772 5919
3329 1 5773 5787
3330 1 5773 5788
3331 1 5773 5791
3332 1 5774 5788
3333 1 5774 5789
3334 1 5774 5792
3335 1 5775 5789
3336 1 5775 5790
3337 1 5775 5793
3338 1 5776 5790
3339 1 5776 5794
3340 1 5776 5923
3341 1 5777 5791
3342 1 5777 5792
3343 1 5777 5795
3344 1 5778 5792
3345 1 5778 5793
3346 1 5778 5796
3347 1 5779 5793
3348 1 5779 5794
3349 1 5779 5797
3350 1 5780 5794
3351 1 5780 5798
3352 1 5780 5927
3353 1 5781 5795
3354 1 5781 5796
3355 1 5781 5799
3356 1 5782 5796
3357 1 5782 5797
3358 1 5782 5800
3359 1 5783 5797
3360 1 5783 5798
3361 1 5784 5799
3362 1 5784 5800
3363 1 5785 5815
3364 1 5787 5816
3365 1 5801 5818
3366 1 5801 5947
3367 1 5802 5817
3368 1 5802 5820
3369 1 5803 5817
3370 1 5803 5818
3371 1 5803 5821
3372 1 5804 5818
3373 1 5804 5822
3374 1 5804 5951
3375 1 5805 5819
3376 1 5805 5820
3377 1 5805 5823
3378 1 5806 5820
3379 1 5806 5821
3380 1 5806 5824
3381 1 5807 5821
3382 1 5807 5822
3383 1 5807 5825
3384 1 5808 5822
3385 1 5808 5826
3386 1 5808 5955
3387 1 5809 5823
3388 1 5809 5824
3389 1 5809 5827
3390 1 5810 5824
3391 1 5810 5825
3392 1 5810 5828
3393 1 5811 5825
3394 1 5811 5826
3395 1 5811 5829
3396 1 5812 5826
3397 1 5812 5830
3398 1 5812 5959
3399 1 5813 5827
3400 1 5813 5828
3401 1 5813 5831
3402 1 5814 5828
3403 1 5814 5829
3404 1 5814 5832
3405 1 5815 5829
3406 1 5815 5830
3407 1 5816 5831
3408 1 5816 5832
3409 1 5833 5850
3410 1 5833 5894
3411 1 5834 5849
3412 1 5834 5852
3413 1 5834 5896
3414 1 5835 5849
3415 1 5835 5850
3416 1 5835 5853
3417 1 5836 5850
3418 1 5836 5854
3419 1 5837 5851
3420 1 5837 5852
3421 1 5837 5855
3422 1 5838 5852
3423 1 5838 5853
3424 1 5838 5856
3425 1 5839 5853
3426 1 5839 5854
3427 1 5839 5857
3428 1 5840 5854
3429 1 5840 5858
3430 1 5841 5855
3431 1 5841 5856
3432 1 5841 5859
3433 1 5842 5856
3434 1 5842 5857
3435 1 5842 5860
3436 1 5843 5857
3437 1 5843 5858
3438 1 5843 5861
3439 1 5844 5858
3440 1 5844 5862
3441 1 5845 5859
3442 1 5845 5860
3443 1 5845 5863
3444 1 5846 5860
3445 1 5846 5861
3446 1 5846 5864
3447 1 5847 5861
3448 1 5847 5862
3449 1 5847 5945
3450 1 5848 5863
3451 1 5848 5864
3452 1 5848 5947
3453 1 5849 5879
3454 1 5851 5880
3455 1 5862 5929
3456 1 5864 5930
3457 1 5865 5882
3458 1 5865 5926
3459 1 5866 5881
3460 1 5866 5884
3461 1 5866 5928
3462 1 5867 5881
3463 1 5867 5882
3464 1 5867 5885
3465 1 5868 5882
3466 1 5868 5886
3467 1 5869 5883
3468 1 5869 5884
3469 1 5869 5887
3470 1 5870 5884
3471 1 5870 5885
3472 1 5870 5888
3473 1 5871 5885
3474 1 5871 5886
3475 1 5871 5889
3476 1 5872 5886
3477 1 5872 5890
3478 1 5873 5887
3479 1 5873 5888
3480 1 5873 5891
3481 1 5874 5888
3482 1 5874 5889
3483 1 5874 5892
3484 1 5875 5889
3485 1 5875 5890
3486 1 5875 5893
3487 1 5876 5890
3488 1 5876 5894
3489 1 5877 5891
3490 1 5877 5892
3491 1 5877 5895
3492 1 5878 5892
3493 1 5878 5893
3494 1 5878 5896
3495 1 5879 5893
3496 1 5879 5894
3497 1 5880 5895
3498 1 5880 5896
3499 1 5881 5911
3500 1 5883 5912
3501 1 5897 5914
3502 1 5897 5958
3503 1 5898 5913
3504 1 5898 5916
3505 1 5898 5960
3506 1 5899 5913
3507 1 5899 5914
3508 1 5899 5917
3509 1 5900 5914
3510 1 5900 5918
3511 1 5901 5915
3512 1 5901 5916
3513 1 5901 5919
3514 1 5902 5916
3515 1 5902 5917
3516 1 5902 5920
3517 1 5903 5917
3518 1 5903 5918
3519 1 5903 5921
3520 1 5904 5918
3521 1 5904 5922
3522 1 5905 5919
3523 1 5905 5920
3524 1 5905 5923
3525 1 5906 5920
3526 1 5906 5921
3527 1 5906 5924
3528 1 5907 5921
3529 1 5907 5922
3530 1 5907 5925
3531 1 5908 5922
3532 1 5908 5926
3533 1 5909 5923
3534 1 5909 5924
3535 1 5909 5927
3536 1 5910 5924
3537 1 5910 5925
3538 1 5910 5928
3539 1 5911 5925
3540 1 5911 5926
3541 1 5912 5927
3542 1 5912 5928
3543 1 5913 5943
3544 1 5915 5944
3545 1 5929 5946
3546 1 5930 5945
3547 1 5930 5948
3548 1 5931 5945
3549 1 5931 5946
3550 1 5931 5949
3551 1 5932 5946
3552 1 5932 5950
3553 1 5933 5947
3554 1 5933 5948
3555 1 5933 5951
3556 1 5934 5948
3557 1 5934 5949
3558 1 5934 5952
3559 1 5935 5949
3560 1 5935 5950
3561 1 5935 5953
3562 1 5936 5950
3563 1 5936 5954
3564 1 5937 5951
3565 1 5937 5952
3566 1 5937 5955
3567 1 5938 5952
3568 1 5938 5953
3569 1 5938 5956
3570 1 5939 5953
3571 1 5939 5954
3572 1 5939 5957
3573 1 5940 5954
3574 1 5940 5958
3575 1 5941 5955
3576 1 5941 5956
3577 1 5941 5959
3578 1 5942 5956
3579 1 5942 5957
3580 1 5942 5960
3581 1 5943 5957
3582 1 5943 5958
3583 1 5944 5959
3584 1 5944 5960
