1 1 1 18
2 1 1 62
3 1 1 147
4 1 2 17
5 1 2 20
6 1 2 64
7 1 3 17
8 1 3 18
9 1 3 21
10 1 4 18
11 1 4 22
12 1 4 151
13 1 5 19
14 1 5 20
15 1 5 23
16 1 6 20
17 1 6 21
18 1 6 24
19 1 7 21
20 1 7 22
21 1 7 25
22 1 8 22
23 1 8 26
24 1 8 155
25 1 9 23
26 1 9 24
27 1 9 27
28 1 10 24
29 1 10 25
30 1 10 28
31 1 11 25
32 1 11 26
33 1 11 29
34 1 12 26
35 1 12 30
36 1 12 159
37 1 13 27
38 1 13 28
39 1 13 31
40 1 14 28
41 1 14 29
42 1 14 32
43 1 15 29
44 1 15 30
45 1 15 113
46 1 16 31
47 1 16 32
48 1 16 115
49 1 17 47
50 1 19 48
51 1 19 385
52 1 23 388
53 1 27 392
54 1 30 97
55 1 31 396
56 1 32 98
57 1 33 50
58 1 33 94
59 1 33 179
60 1 34 49
61 1 34 52
62 1 34 96
63 1 35 49
64 1 35 50
65 1 35 53
66 1 36 50
67 1 36 54
68 1 36 183
69 1 37 51
70 1 37 52
71 1 37 55
72 1 38 52
73 1 38 53
74 1 38 56
75 1 39 53
76 1 39 54
77 1 39 57
78 1 40 54
79 1 40 58
80 1 40 187
81 1 41 55
82 1 41 56
83 1 41 59
84 1 42 56
85 1 42 57
86 1 42 60
87 1 43 57
88 1 43 58
89 1 43 61
90 1 44 58
91 1 44 62
92 1 44 191
93 1 45 59
94 1 45 60
95 1 45 63
96 1 46 60
97 1 46 61
98 1 46 64
99 1 47 61
100 1 47 62
101 1 48 63
102 1 48 64
103 1 49 79
104 1 51 80
105 1 51 417
106 1 55 420
107 1 59 424
108 1 63 428
109 1 65 82
110 1 65 126
111 1 65 211
112 1 66 81
113 1 66 84
114 1 66 128
115 1 67 81
116 1 67 82
117 1 67 85
118 1 68 82
119 1 68 86
120 1 68 215
121 1 69 83
122 1 69 84
123 1 69 87
124 1 70 84
125 1 70 85
126 1 70 88
127 1 71 85
128 1 71 86
129 1 71 89
130 1 72 86
131 1 72 90
132 1 72 219
133 1 73 87
134 1 73 88
135 1 73 91
136 1 74 88
137 1 74 89
138 1 74 92
139 1 75 89
140 1 75 90
141 1 75 93
142 1 76 90
143 1 76 94
144 1 76 223
145 1 77 91
146 1 77 92
147 1 77 95
148 1 78 92
149 1 78 93
150 1 78 96
151 1 79 93
152 1 79 94
153 1 80 95
154 1 80 96
155 1 81 111
156 1 83 112
157 1 83 449
158 1 87 452
159 1 91 456
160 1 95 460
161 1 97 114
162 1 97 243
163 1 98 113
164 1 98 116
165 1 99 113
166 1 99 114
167 1 99 117
168 1 100 114
169 1 100 118
170 1 100 247
171 1 101 115
172 1 101 116
173 1 101 119
174 1 102 116
175 1 102 117
176 1 102 120
177 1 103 117
178 1 103 118
179 1 103 121
180 1 104 118
181 1 104 122
182 1 104 251
183 1 105 119
184 1 105 120
185 1 105 123
186 1 106 120
187 1 106 121
188 1 106 124
189 1 107 121
190 1 107 122
191 1 107 125
192 1 108 122
193 1 108 126
194 1 108 255
195 1 109 123
196 1 109 124
197 1 109 127
198 1 110 124
199 1 110 125
200 1 110 128
201 1 111 125
202 1 111 126
203 1 112 127
204 1 112 128
205 1 115 481
206 1 119 484
207 1 123 488
208 1 127 492
209 1 129 146
210 1 129 190
211 1 129 275
212 1 130 145
213 1 130 148
214 1 130 192
215 1 131 145
216 1 131 146
217 1 131 149
218 1 132 146
219 1 132 150
220 1 132 279
221 1 133 147
222 1 133 148
223 1 133 151
224 1 134 148
225 1 134 149
226 1 134 152
227 1 135 149
228 1 135 150
229 1 135 153
230 1 136 150
231 1 136 154
232 1 136 283
233 1 137 151
234 1 137 152
235 1 137 155
236 1 138 152
237 1 138 153
238 1 138 156
239 1 139 153
240 1 139 154
241 1 139 157
242 1 140 154
243 1 140 158
244 1 140 287
245 1 141 155
246 1 141 156
247 1 141 159
248 1 142 156
249 1 142 157
250 1 142 160
251 1 143 157
252 1 143 158
253 1 143 241
254 1 144 159
255 1 144 160
256 1 144 243
257 1 145 175
258 1 147 176
259 1 158 225
260 1 160 226
261 1 161 178
262 1 161 222
263 1 161 307
264 1 162 177
265 1 162 180
266 1 162 224
267 1 163 177
268 1 163 178
269 1 163 181
270 1 164 178
271 1 164 182
272 1 164 311
273 1 165 179
274 1 165 180
275 1 165 183
276 1 166 180
277 1 166 181
278 1 166 184
279 1 167 181
280 1 167 182
281 1 167 185
282 1 168 182
283 1 168 186
284 1 168 315
285 1 169 183
286 1 169 184
287 1 169 187
288 1 170 184
289 1 170 185
290 1 170 188
291 1 171 185
292 1 171 186
293 1 171 189
294 1 172 186
295 1 172 190
296 1 172 319
297 1 173 187
298 1 173 188
299 1 173 191
300 1 174 188
301 1 174 189
302 1 174 192
303 1 175 189
304 1 175 190
305 1 176 191
306 1 176 192
307 1 177 207
308 1 179 208
309 1 193 210
310 1 193 254
311 1 193 339
312 1 194 209
313 1 194 212
314 1 194 256
315 1 195 209
316 1 195 210
317 1 195 213
318 1 196 210
319 1 196 214
320 1 196 343
321 1 197 211
322 1 197 212
323 1 197 215
324 1 198 212
325 1 198 213
326 1 198 216
327 1 199 213
328 1 199 214
329 1 199 217
330 1 200 214
331 1 200 218
332 1 200 347
333 1 201 215
334 1 201 216
335 1 201 219
336 1 202 216
337 1 202 217
338 1 202 220
339 1 203 217
340 1 203 218
341 1 203 221
342 1 204 218
343 1 204 222
344 1 204 351
345 1 205 219
346 1 205 220
347 1 205 223
348 1 206 220
349 1 206 221
350 1 206 224
351 1 207 221
352 1 207 222
353 1 208 223
354 1 208 224
355 1 209 239
356 1 211 240
357 1 225 242
358 1 225 371
359 1 226 241
360 1 226 244
361 1 227 241
362 1 227 242
363 1 227 245
364 1 228 242
365 1 228 246
366 1 228 375
367 1 229 243
368 1 229 244
369 1 229 247
370 1 230 244
371 1 230 245
372 1 230 248
373 1 231 245
374 1 231 246
375 1 231 249
376 1 232 246
377 1 232 250
378 1 232 379
379 1 233 247
380 1 233 248
381 1 233 251
382 1 234 248
383 1 234 249
384 1 234 252
385 1 235 249
386 1 235 250
387 1 235 253
388 1 236 250
389 1 236 254
390 1 236 383
391 1 237 251
392 1 237 252
393 1 237 255
394 1 238 252
395 1 238 253
396 1 238 256
397 1 239 253
398 1 239 254
399 1 240 255
400 1 240 256
401 1 257 274
402 1 257 318
403 1 257 403
404 1 258 273
405 1 258 276
406 1 258 320
407 1 259 273
408 1 259 274
409 1 259 277
410 1 260 274
411 1 260 278
412 1 260 407
413 1 261 275
414 1 261 276
415 1 261 279
416 1 262 276
417 1 262 277
418 1 262 280
419 1 263 277
420 1 263 278
421 1 263 281
422 1 264 278
423 1 264 282
424 1 264 411
425 1 265 279
426 1 265 280
427 1 265 283
428 1 266 280
429 1 266 281
430 1 266 284
431 1 267 281
432 1 267 282
433 1 267 285
434 1 268 282
435 1 268 286
436 1 268 415
437 1 269 283
438 1 269 284
439 1 269 287
440 1 270 284
441 1 270 285
442 1 270 288
443 1 271 285
444 1 271 286
445 1 271 369
446 1 272 287
447 1 272 288
448 1 272 371
449 1 273 303
450 1 275 304
451 1 286 353
452 1 288 354
453 1 289 306
454 1 289 350
455 1 289 435
456 1 290 305
457 1 290 308
458 1 290 352
459 1 291 305
460 1 291 306
461 1 291 309
462 1 292 306
463 1 292 310
464 1 292 439
465 1 293 307
466 1 293 308
467 1 293 311
468 1 294 308
469 1 294 309
470 1 294 312
471 1 295 309
472 1 295 310
473 1 295 313
474 1 296 310
475 1 296 314
476 1 296 443
477 1 297 311
478 1 297 312
479 1 297 315
480 1 298 312
481 1 298 313
482 1 298 316
483 1 299 313
484 1 299 314
485 1 299 317
486 1 300 314
487 1 300 318
488 1 300 447
489 1 301 315
490 1 301 316
491 1 301 319
492 1 302 316
493 1 302 317
494 1 302 320
495 1 303 317
496 1 303 318
497 1 304 319
498 1 304 320
499 1 305 335
500 1 307 336
501 1 321 338
502 1 321 382
503 1 321 467
504 1 322 337
505 1 322 340
506 1 322 384
507 1 323 337
508 1 323 338
509 1 323 341
510 1 324 338
511 1 324 342
512 1 324 471
513 1 325 339
514 1 325 340
515 1 325 343
516 1 326 340
517 1 326 341
518 1 326 344
519 1 327 341
520 1 327 342
521 1 327 345
522 1 328 342
523 1 328 346
524 1 328 475
525 1 329 343
526 1 329 344
527 1 329 347
528 1 330 344
529 1 330 345
530 1 330 348
531 1 331 345
532 1 331 346
533 1 331 349
534 1 332 346
535 1 332 350
536 1 332 479
537 1 333 347
538 1 333 348
539 1 333 351
540 1 334 348
541 1 334 349
542 1 334 352
543 1 335 349
544 1 335 350
545 1 336 351
546 1 336 352
547 1 337 367
548 1 339 368
549 1 353 370
550 1 353 499
551 1 354 369
552 1 354 372
553 1 355 369
554 1 355 370
555 1 355 373
556 1 356 370
557 1 356 374
558 1 356 503
559 1 357 371
560 1 357 372
561 1 357 375
562 1 358 372
563 1 358 373
564 1 358 376
565 1 359 373
566 1 359 374
567 1 359 377
568 1 360 374
569 1 360 378
570 1 360 507
571 1 361 375
572 1 361 376
573 1 361 379
574 1 362 376
575 1 362 377
576 1 362 380
577 1 363 377
578 1 363 378
579 1 363 381
580 1 364 378
581 1 364 382
582 1 364 511
583 1 365 379
584 1 365 380
585 1 365 383
586 1 366 380
587 1 366 381
588 1 366 384
589 1 367 381
590 1 367 382
591 1 368 383
592 1 368 384
593 1 385 402
594 1 385 446
595 1 386 401
596 1 386 404
597 1 386 448
598 1 387 401
599 1 387 402
600 1 387 405
601 1 388 402
602 1 388 406
603 1 389 403
604 1 389 404
605 1 389 407
606 1 390 404
607 1 390 405
608 1 390 408
609 1 391 405
610 1 391 406
611 1 391 409
612 1 392 406
613 1 392 410
614 1 393 407
615 1 393 408
616 1 393 411
617 1 394 408
618 1 394 409
619 1 394 412
620 1 395 409
621 1 395 410
622 1 395 413
623 1 396 410
624 1 396 414
625 1 397 411
626 1 397 412
627 1 397 415
628 1 398 412
629 1 398 413
630 1 398 416
631 1 399 413
632 1 399 414
633 1 399 497
634 1 400 415
635 1 400 416
636 1 400 499
637 1 401 431
638 1 403 432
639 1 414 481
640 1 416 482
641 1 417 434
642 1 417 478
643 1 418 433
644 1 418 436
645 1 418 480
646 1 419 433
647 1 419 434
648 1 419 437
649 1 420 434
650 1 420 438
651 1 421 435
652 1 421 436
653 1 421 439
654 1 422 436
655 1 422 437
656 1 422 440
657 1 423 437
658 1 423 438
659 1 423 441
660 1 424 438
661 1 424 442
662 1 425 439
663 1 425 440
664 1 425 443
665 1 426 440
666 1 426 441
667 1 426 444
668 1 427 441
669 1 427 442
670 1 427 445
671 1 428 442
672 1 428 446
673 1 429 443
674 1 429 444
675 1 429 447
676 1 430 444
677 1 430 445
678 1 430 448
679 1 431 445
680 1 431 446
681 1 432 447
682 1 432 448
683 1 433 463
684 1 435 464
685 1 449 466
686 1 449 510
687 1 450 465
688 1 450 468
689 1 450 512
690 1 451 465
691 1 451 466
692 1 451 469
693 1 452 466
694 1 452 470
695 1 453 467
696 1 453 468
697 1 453 471
698 1 454 468
699 1 454 469
700 1 454 472
701 1 455 469
702 1 455 470
703 1 455 473
704 1 456 470
705 1 456 474
706 1 457 471
707 1 457 472
708 1 457 475
709 1 458 472
710 1 458 473
711 1 458 476
712 1 459 473
713 1 459 474
714 1 459 477
715 1 460 474
716 1 460 478
717 1 461 475
718 1 461 476
719 1 461 479
720 1 462 476
721 1 462 477
722 1 462 480
723 1 463 477
724 1 463 478
725 1 464 479
726 1 464 480
727 1 465 495
728 1 467 496
729 1 481 498
730 1 482 497
731 1 482 500
732 1 483 497
733 1 483 498
734 1 483 501
735 1 484 498
736 1 484 502
737 1 485 499
738 1 485 500
739 1 485 503
740 1 486 500
741 1 486 501
742 1 486 504
743 1 487 501
744 1 487 502
745 1 487 505
746 1 488 502
747 1 488 506
748 1 489 503
749 1 489 504
750 1 489 507
751 1 490 504
752 1 490 505
753 1 490 508
754 1 491 505
755 1 491 506
756 1 491 509
757 1 492 506
758 1 492 510
759 1 493 507
760 1 493 508
761 1 493 511
762 1 494 508
763 1 494 509
764 1 494 512
765 1 495 509
766 1 495 510
767 1 496 511
768 1 496 512
769 1 1817 1834
770 1 1817 1878
771 1 1817 1963
772 1 1818 1833
773 1 1818 1836
774 1 1818 1880
775 1 1819 1833
776 1 1819 1834
777 1 1819 1837
778 1 1820 1834
779 1 1820 1838
780 1 1820 1967
781 1 1821 1835
782 1 1821 1836
783 1 1821 1839
784 1 1822 1836
785 1 1822 1837
786 1 1822 1840
787 1 1823 1837
788 1 1823 1838
789 1 1823 1841
790 1 1824 1838
791 1 1824 1842
792 1 1824 1971
793 1 1825 1839
794 1 1825 1840
795 1 1825 1843
796 1 1826 1840
797 1 1826 1841
798 1 1826 1844
799 1 1827 1841
800 1 1827 1842
801 1 1827 1845
802 1 1828 1842
803 1 1828 1846
804 1 1828 1975
805 1 1829 1843
806 1 1829 1844
807 1 1829 1847
808 1 1830 1844
809 1 1830 1845
810 1 1830 1848
811 1 1831 1845
812 1 1831 1846
813 1 1831 1929
814 1 1832 1847
815 1 1832 1848
816 1 1832 1931
817 1 1833 1863
818 1 1835 1864
819 1 1835 2201
820 1 1839 2204
821 1 1843 2208
822 1 1846 1913
823 1 1847 2212
824 1 1848 1914
825 1 1849 1866
826 1 1849 1910
827 1 1849 1995
828 1 1850 1865
829 1 1850 1868
830 1 1850 1912
831 1 1851 1865
832 1 1851 1866
833 1 1851 1869
834 1 1852 1866
835 1 1852 1870
836 1 1852 1999
837 1 1853 1867
838 1 1853 1868
839 1 1853 1871
840 1 1854 1868
841 1 1854 1869
842 1 1854 1872
843 1 1855 1869
844 1 1855 1870
845 1 1855 1873
846 1 1856 1870
847 1 1856 1874
848 1 1856 2003
849 1 1857 1871
850 1 1857 1872
851 1 1857 1875
852 1 1858 1872
853 1 1858 1873
854 1 1858 1876
855 1 1859 1873
856 1 1859 1874
857 1 1859 1877
858 1 1860 1874
859 1 1860 1878
860 1 1860 2007
861 1 1861 1875
862 1 1861 1876
863 1 1861 1879
864 1 1862 1876
865 1 1862 1877
866 1 1862 1880
867 1 1863 1877
868 1 1863 1878
869 1 1864 1879
870 1 1864 1880
871 1 1865 1895
872 1 1867 1896
873 1 1867 2233
874 1 1871 2236
875 1 1875 2240
876 1 1879 2244
877 1 1881 1898
878 1 1881 1942
879 1 1881 2027
880 1 1882 1897
881 1 1882 1900
882 1 1882 1944
883 1 1883 1897
884 1 1883 1898
885 1 1883 1901
886 1 1884 1898
887 1 1884 1902
888 1 1884 2031
889 1 1885 1899
890 1 1885 1900
891 1 1885 1903
892 1 1886 1900
893 1 1886 1901
894 1 1886 1904
895 1 1887 1901
896 1 1887 1902
897 1 1887 1905
898 1 1888 1902
899 1 1888 1906
900 1 1888 2035
901 1 1889 1903
902 1 1889 1904
903 1 1889 1907
904 1 1890 1904
905 1 1890 1905
906 1 1890 1908
907 1 1891 1905
908 1 1891 1906
909 1 1891 1909
910 1 1892 1906
911 1 1892 1910
912 1 1892 2039
913 1 1893 1907
914 1 1893 1908
915 1 1893 1911
916 1 1894 1908
917 1 1894 1909
918 1 1894 1912
919 1 1895 1909
920 1 1895 1910
921 1 1896 1911
922 1 1896 1912
923 1 1897 1927
924 1 1899 1928
925 1 1899 2265
926 1 1903 2268
927 1 1907 2272
928 1 1911 2276
929 1 1913 1930
930 1 1913 2059
931 1 1914 1929
932 1 1914 1932
933 1 1915 1929
934 1 1915 1930
935 1 1915 1933
936 1 1916 1930
937 1 1916 1934
938 1 1916 2063
939 1 1917 1931
940 1 1917 1932
941 1 1917 1935
942 1 1918 1932
943 1 1918 1933
944 1 1918 1936
945 1 1919 1933
946 1 1919 1934
947 1 1919 1937
948 1 1920 1934
949 1 1920 1938
950 1 1920 2067
951 1 1921 1935
952 1 1921 1936
953 1 1921 1939
954 1 1922 1936
955 1 1922 1937
956 1 1922 1940
957 1 1923 1937
958 1 1923 1938
959 1 1923 1941
960 1 1924 1938
961 1 1924 1942
962 1 1924 2071
963 1 1925 1939
964 1 1925 1940
965 1 1925 1943
966 1 1926 1940
967 1 1926 1941
968 1 1926 1944
969 1 1927 1941
970 1 1927 1942
971 1 1928 1943
972 1 1928 1944
973 1 1931 2297
974 1 1935 2300
975 1 1939 2304
976 1 1943 2308
977 1 1945 1962
978 1 1945 2006
979 1 1945 2091
980 1 1946 1961
981 1 1946 1964
982 1 1946 2008
983 1 1947 1961
984 1 1947 1962
985 1 1947 1965
986 1 1948 1962
987 1 1948 1966
988 1 1948 2095
989 1 1949 1963
990 1 1949 1964
991 1 1949 1967
992 1 1950 1964
993 1 1950 1965
994 1 1950 1968
995 1 1951 1965
996 1 1951 1966
997 1 1951 1969
998 1 1952 1966
999 1 1952 1970
1000 1 1952 2099
1001 1 1953 1967
1002 1 1953 1968
1003 1 1953 1971
1004 1 1954 1968
1005 1 1954 1969
1006 1 1954 1972
1007 1 1955 1969
1008 1 1955 1970
1009 1 1955 1973
1010 1 1956 1970
1011 1 1956 1974
1012 1 1956 2103
1013 1 1957 1971
1014 1 1957 1972
1015 1 1957 1975
1016 1 1958 1972
1017 1 1958 1973
1018 1 1958 1976
1019 1 1959 1973
1020 1 1959 1974
1021 1 1959 2057
1022 1 1960 1975
1023 1 1960 1976
1024 1 1960 2059
1025 1 1961 1991
1026 1 1963 1992
1027 1 1974 2041
1028 1 1976 2042
1029 1 1977 1994
1030 1 1977 2038
1031 1 1977 2123
1032 1 1978 1993
1033 1 1978 1996
1034 1 1978 2040
1035 1 1979 1993
1036 1 1979 1994
1037 1 1979 1997
1038 1 1980 1994
1039 1 1980 1998
1040 1 1980 2127
1041 1 1981 1995
1042 1 1981 1996
1043 1 1981 1999
1044 1 1982 1996
1045 1 1982 1997
1046 1 1982 2000
1047 1 1983 1997
1048 1 1983 1998
1049 1 1983 2001
1050 1 1984 1998
1051 1 1984 2002
1052 1 1984 2131
1053 1 1985 1999
1054 1 1985 2000
1055 1 1985 2003
1056 1 1986 2000
1057 1 1986 2001
1058 1 1986 2004
1059 1 1987 2001
1060 1 1987 2002
1061 1 1987 2005
1062 1 1988 2002
1063 1 1988 2006
1064 1 1988 2135
1065 1 1989 2003
1066 1 1989 2004
1067 1 1989 2007
1068 1 1990 2004
1069 1 1990 2005
1070 1 1990 2008
1071 1 1991 2005
1072 1 1991 2006
1073 1 1992 2007
1074 1 1992 2008
1075 1 1993 2023
1076 1 1995 2024
1077 1 2009 2026
1078 1 2009 2070
1079 1 2009 2155
1080 1 2010 2025
1081 1 2010 2028
1082 1 2010 2072
1083 1 2011 2025
1084 1 2011 2026
1085 1 2011 2029
1086 1 2012 2026
1087 1 2012 2030
1088 1 2012 2159
1089 1 2013 2027
1090 1 2013 2028
1091 1 2013 2031
1092 1 2014 2028
1093 1 2014 2029
1094 1 2014 2032
1095 1 2015 2029
1096 1 2015 2030
1097 1 2015 2033
1098 1 2016 2030
1099 1 2016 2034
1100 1 2016 2163
1101 1 2017 2031
1102 1 2017 2032
1103 1 2017 2035
1104 1 2018 2032
1105 1 2018 2033
1106 1 2018 2036
1107 1 2019 2033
1108 1 2019 2034
1109 1 2019 2037
1110 1 2020 2034
1111 1 2020 2038
1112 1 2020 2167
1113 1 2021 2035
1114 1 2021 2036
1115 1 2021 2039
1116 1 2022 2036
1117 1 2022 2037
1118 1 2022 2040
1119 1 2023 2037
1120 1 2023 2038
1121 1 2024 2039
1122 1 2024 2040
1123 1 2025 2055
1124 1 2027 2056
1125 1 2041 2058
1126 1 2041 2187
1127 1 2042 2057
1128 1 2042 2060
1129 1 2043 2057
1130 1 2043 2058
1131 1 2043 2061
1132 1 2044 2058
1133 1 2044 2062
1134 1 2044 2191
1135 1 2045 2059
1136 1 2045 2060
1137 1 2045 2063
1138 1 2046 2060
1139 1 2046 2061
1140 1 2046 2064
1141 1 2047 2061
1142 1 2047 2062
1143 1 2047 2065
1144 1 2048 2062
1145 1 2048 2066
1146 1 2048 2195
1147 1 2049 2063
1148 1 2049 2064
1149 1 2049 2067
1150 1 2050 2064
1151 1 2050 2065
1152 1 2050 2068
1153 1 2051 2065
1154 1 2051 2066
1155 1 2051 2069
1156 1 2052 2066
1157 1 2052 2070
1158 1 2052 2199
1159 1 2053 2067
1160 1 2053 2068
1161 1 2053 2071
1162 1 2054 2068
1163 1 2054 2069
1164 1 2054 2072
1165 1 2055 2069
1166 1 2055 2070
1167 1 2056 2071
1168 1 2056 2072
1169 1 2073 2090
1170 1 2073 2134
1171 1 2073 2219
1172 1 2074 2089
1173 1 2074 2092
1174 1 2074 2136
1175 1 2075 2089
1176 1 2075 2090
1177 1 2075 2093
1178 1 2076 2090
1179 1 2076 2094
1180 1 2076 2223
1181 1 2077 2091
1182 1 2077 2092
1183 1 2077 2095
1184 1 2078 2092
1185 1 2078 2093
1186 1 2078 2096
1187 1 2079 2093
1188 1 2079 2094
1189 1 2079 2097
1190 1 2080 2094
1191 1 2080 2098
1192 1 2080 2227
1193 1 2081 2095
1194 1 2081 2096
1195 1 2081 2099
1196 1 2082 2096
1197 1 2082 2097
1198 1 2082 2100
1199 1 2083 2097
1200 1 2083 2098
1201 1 2083 2101
1202 1 2084 2098
1203 1 2084 2102
1204 1 2084 2231
1205 1 2085 2099
1206 1 2085 2100
1207 1 2085 2103
1208 1 2086 2100
1209 1 2086 2101
1210 1 2086 2104
1211 1 2087 2101
1212 1 2087 2102
1213 1 2087 2185
1214 1 2088 2103
1215 1 2088 2104
1216 1 2088 2187
1217 1 2089 2119
1218 1 2091 2120
1219 1 2102 2169
1220 1 2104 2170
1221 1 2105 2122
1222 1 2105 2166
1223 1 2105 2251
1224 1 2106 2121
1225 1 2106 2124
1226 1 2106 2168
1227 1 2107 2121
1228 1 2107 2122
1229 1 2107 2125
1230 1 2108 2122
1231 1 2108 2126
1232 1 2108 2255
1233 1 2109 2123
1234 1 2109 2124
1235 1 2109 2127
1236 1 2110 2124
1237 1 2110 2125
1238 1 2110 2128
1239 1 2111 2125
1240 1 2111 2126
1241 1 2111 2129
1242 1 2112 2126
1243 1 2112 2130
1244 1 2112 2259
1245 1 2113 2127
1246 1 2113 2128
1247 1 2113 2131
1248 1 2114 2128
1249 1 2114 2129
1250 1 2114 2132
1251 1 2115 2129
1252 1 2115 2130
1253 1 2115 2133
1254 1 2116 2130
1255 1 2116 2134
1256 1 2116 2263
1257 1 2117 2131
1258 1 2117 2132
1259 1 2117 2135
1260 1 2118 2132
1261 1 2118 2133
1262 1 2118 2136
1263 1 2119 2133
1264 1 2119 2134
1265 1 2120 2135
1266 1 2120 2136
1267 1 2121 2151
1268 1 2123 2152
1269 1 2137 2154
1270 1 2137 2198
1271 1 2137 2283
1272 1 2138 2153
1273 1 2138 2156
1274 1 2138 2200
1275 1 2139 2153
1276 1 2139 2154
1277 1 2139 2157
1278 1 2140 2154
1279 1 2140 2158
1280 1 2140 2287
1281 1 2141 2155
1282 1 2141 2156
1283 1 2141 2159
1284 1 2142 2156
1285 1 2142 2157
1286 1 2142 2160
1287 1 2143 2157
1288 1 2143 2158
1289 1 2143 2161
1290 1 2144 2158
1291 1 2144 2162
1292 1 2144 2291
1293 1 2145 2159
1294 1 2145 2160
1295 1 2145 2163
1296 1 2146 2160
1297 1 2146 2161
1298 1 2146 2164
1299 1 2147 2161
1300 1 2147 2162
1301 1 2147 2165
1302 1 2148 2162
1303 1 2148 2166
1304 1 2148 2295
1305 1 2149 2163
1306 1 2149 2164
1307 1 2149 2167
1308 1 2150 2164
1309 1 2150 2165
1310 1 2150 2168
1311 1 2151 2165
1312 1 2151 2166
1313 1 2152 2167
1314 1 2152 2168
1315 1 2153 2183
1316 1 2155 2184
1317 1 2169 2186
1318 1 2169 2315
1319 1 2170 2185
1320 1 2170 2188
1321 1 2171 2185
1322 1 2171 2186
1323 1 2171 2189
1324 1 2172 2186
1325 1 2172 2190
1326 1 2172 2319
1327 1 2173 2187
1328 1 2173 2188
1329 1 2173 2191
1330 1 2174 2188
1331 1 2174 2189
1332 1 2174 2192
1333 1 2175 2189
1334 1 2175 2190
1335 1 2175 2193
1336 1 2176 2190
1337 1 2176 2194
1338 1 2176 2323
1339 1 2177 2191
1340 1 2177 2192
1341 1 2177 2195
1342 1 2178 2192
1343 1 2178 2193
1344 1 2178 2196
1345 1 2179 2193
1346 1 2179 2194
1347 1 2179 2197
1348 1 2180 2194
1349 1 2180 2198
1350 1 2180 2327
1351 1 2181 2195
1352 1 2181 2196
1353 1 2181 2199
1354 1 2182 2196
1355 1 2182 2197
1356 1 2182 2200
1357 1 2183 2197
1358 1 2183 2198
1359 1 2184 2199
1360 1 2184 2200
1361 1 2201 2218
1362 1 2201 2262
1363 1 2202 2217
1364 1 2202 2220
1365 1 2202 2264
1366 1 2203 2217
1367 1 2203 2218
1368 1 2203 2221
1369 1 2204 2218
1370 1 2204 2222
1371 1 2205 2219
1372 1 2205 2220
1373 1 2205 2223
1374 1 2206 2220
1375 1 2206 2221
1376 1 2206 2224
1377 1 2207 2221
1378 1 2207 2222
1379 1 2207 2225
1380 1 2208 2222
1381 1 2208 2226
1382 1 2209 2223
1383 1 2209 2224
1384 1 2209 2227
1385 1 2210 2224
1386 1 2210 2225
1387 1 2210 2228
1388 1 2211 2225
1389 1 2211 2226
1390 1 2211 2229
1391 1 2212 2226
1392 1 2212 2230
1393 1 2213 2227
1394 1 2213 2228
1395 1 2213 2231
1396 1 2214 2228
1397 1 2214 2229
1398 1 2214 2232
1399 1 2215 2229
1400 1 2215 2230
1401 1 2215 2313
1402 1 2216 2231
1403 1 2216 2232
1404 1 2216 2315
1405 1 2217 2247
1406 1 2219 2248
1407 1 2230 2297
1408 1 2232 2298
1409 1 2233 2250
1410 1 2233 2294
1411 1 2234 2249
1412 1 2234 2252
1413 1 2234 2296
1414 1 2235 2249
1415 1 2235 2250
1416 1 2235 2253
1417 1 2236 2250
1418 1 2236 2254
1419 1 2237 2251
1420 1 2237 2252
1421 1 2237 2255
1422 1 2238 2252
1423 1 2238 2253
1424 1 2238 2256
1425 1 2239 2253
1426 1 2239 2254
1427 1 2239 2257
1428 1 2240 2254
1429 1 2240 2258
1430 1 2241 2255
1431 1 2241 2256
1432 1 2241 2259
1433 1 2242 2256
1434 1 2242 2257
1435 1 2242 2260
1436 1 2243 2257
1437 1 2243 2258
1438 1 2243 2261
1439 1 2244 2258
1440 1 2244 2262
1441 1 2245 2259
1442 1 2245 2260
1443 1 2245 2263
1444 1 2246 2260
1445 1 2246 2261
1446 1 2246 2264
1447 1 2247 2261
1448 1 2247 2262
1449 1 2248 2263
1450 1 2248 2264
1451 1 2249 2279
1452 1 2251 2280
1453 1 2265 2282
1454 1 2265 2326
1455 1 2266 2281
1456 1 2266 2284
1457 1 2266 2328
1458 1 2267 2281
1459 1 2267 2282
1460 1 2267 2285
1461 1 2268 2282
1462 1 2268 2286
1463 1 2269 2283
1464 1 2269 2284
1465 1 2269 2287
1466 1 2270 2284
1467 1 2270 2285
1468 1 2270 2288
1469 1 2271 2285
1470 1 2271 2286
1471 1 2271 2289
1472 1 2272 2286
1473 1 2272 2290
1474 1 2273 2287
1475 1 2273 2288
1476 1 2273 2291
1477 1 2274 2288
1478 1 2274 2289
1479 1 2274 2292
1480 1 2275 2289
1481 1 2275 2290
1482 1 2275 2293
1483 1 2276 2290
1484 1 2276 2294
1485 1 2277 2291
1486 1 2277 2292
1487 1 2277 2295
1488 1 2278 2292
1489 1 2278 2293
1490 1 2278 2296
1491 1 2279 2293
1492 1 2279 2294
1493 1 2280 2295
1494 1 2280 2296
1495 1 2281 2311
1496 1 2283 2312
1497 1 2297 2314
1498 1 2298 2313
1499 1 2298 2316
1500 1 2299 2313
1501 1 2299 2314
1502 1 2299 2317
1503 1 2300 2314
1504 1 2300 2318
1505 1 2301 2315
1506 1 2301 2316
1507 1 2301 2319
1508 1 2302 2316
1509 1 2302 2317
1510 1 2302 2320
1511 1 2303 2317
1512 1 2303 2318
1513 1 2303 2321
1514 1 2304 2318
1515 1 2304 2322
1516 1 2305 2319
1517 1 2305 2320
1518 1 2305 2323
1519 1 2306 2320
1520 1 2306 2321
1521 1 2306 2324
1522 1 2307 2321
1523 1 2307 2322
1524 1 2307 2325
1525 1 2308 2322
1526 1 2308 2326
1527 1 2309 2323
1528 1 2309 2324
1529 1 2309 2327
1530 1 2310 2324
1531 1 2310 2325
1532 1 2310 2328
1533 1 2311 2325
1534 1 2311 2326
1535 1 2312 2327
1536 1 2312 2328
1537 1 3633 3650
1538 1 3633 3694
1539 1 3633 3779
1540 1 3634 3649
1541 1 3634 3652
1542 1 3634 3696
1543 1 3635 3649
1544 1 3635 3650
1545 1 3635 3653
1546 1 3636 3650
1547 1 3636 3654
1548 1 3636 3783
1549 1 3637 3651
1550 1 3637 3652
1551 1 3637 3655
1552 1 3638 3652
1553 1 3638 3653
1554 1 3638 3656
1555 1 3639 3653
1556 1 3639 3654
1557 1 3639 3657
1558 1 3640 3654
1559 1 3640 3658
1560 1 3640 3787
1561 1 3641 3655
1562 1 3641 3656
1563 1 3641 3659
1564 1 3642 3656
1565 1 3642 3657
1566 1 3642 3660
1567 1 3643 3657
1568 1 3643 3658
1569 1 3643 3661
1570 1 3644 3658
1571 1 3644 3662
1572 1 3644 3791
1573 1 3645 3659
1574 1 3645 3660
1575 1 3645 3663
1576 1 3646 3660
1577 1 3646 3661
1578 1 3646 3664
1579 1 3647 3661
1580 1 3647 3662
1581 1 3647 3745
1582 1 3648 3663
1583 1 3648 3664
1584 1 3648 3747
1585 1 3649 3679
1586 1 3651 3680
1587 1 3651 4017
1588 1 3655 4020
1589 1 3659 4024
1590 1 3662 3729
1591 1 3663 4028
1592 1 3664 3730
1593 1 3665 3682
1594 1 3665 3726
1595 1 3665 3811
1596 1 3666 3681
1597 1 3666 3684
1598 1 3666 3728
1599 1 3667 3681
1600 1 3667 3682
1601 1 3667 3685
1602 1 3668 3682
1603 1 3668 3686
1604 1 3668 3815
1605 1 3669 3683
1606 1 3669 3684
1607 1 3669 3687
1608 1 3670 3684
1609 1 3670 3685
1610 1 3670 3688
1611 1 3671 3685
1612 1 3671 3686
1613 1 3671 3689
1614 1 3672 3686
1615 1 3672 3690
1616 1 3672 3819
1617 1 3673 3687
1618 1 3673 3688
1619 1 3673 3691
1620 1 3674 3688
1621 1 3674 3689
1622 1 3674 3692
1623 1 3675 3689
1624 1 3675 3690
1625 1 3675 3693
1626 1 3676 3690
1627 1 3676 3694
1628 1 3676 3823
1629 1 3677 3691
1630 1 3677 3692
1631 1 3677 3695
1632 1 3678 3692
1633 1 3678 3693
1634 1 3678 3696
1635 1 3679 3693
1636 1 3679 3694
1637 1 3680 3695
1638 1 3680 3696
1639 1 3681 3711
1640 1 3683 3712
1641 1 3683 4049
1642 1 3687 4052
1643 1 3691 4056
1644 1 3695 4060
1645 1 3697 3714
1646 1 3697 3758
1647 1 3697 3843
1648 1 3698 3713
1649 1 3698 3716
1650 1 3698 3760
1651 1 3699 3713
1652 1 3699 3714
1653 1 3699 3717
1654 1 3700 3714
1655 1 3700 3718
1656 1 3700 3847
1657 1 3701 3715
1658 1 3701 3716
1659 1 3701 3719
1660 1 3702 3716
1661 1 3702 3717
1662 1 3702 3720
1663 1 3703 3717
1664 1 3703 3718
1665 1 3703 3721
1666 1 3704 3718
1667 1 3704 3722
1668 1 3704 3851
1669 1 3705 3719
1670 1 3705 3720
1671 1 3705 3723
1672 1 3706 3720
1673 1 3706 3721
1674 1 3706 3724
1675 1 3707 3721
1676 1 3707 3722
1677 1 3707 3725
1678 1 3708 3722
1679 1 3708 3726
1680 1 3708 3855
1681 1 3709 3723
1682 1 3709 3724
1683 1 3709 3727
1684 1 3710 3724
1685 1 3710 3725
1686 1 3710 3728
1687 1 3711 3725
1688 1 3711 3726
1689 1 3712 3727
1690 1 3712 3728
1691 1 3713 3743
1692 1 3715 3744
1693 1 3715 4081
1694 1 3719 4084
1695 1 3723 4088
1696 1 3727 4092
1697 1 3729 3746
1698 1 3729 3875
1699 1 3730 3745
1700 1 3730 3748
1701 1 3731 3745
1702 1 3731 3746
1703 1 3731 3749
1704 1 3732 3746
1705 1 3732 3750
1706 1 3732 3879
1707 1 3733 3747
1708 1 3733 3748
1709 1 3733 3751
1710 1 3734 3748
1711 1 3734 3749
1712 1 3734 3752
1713 1 3735 3749
1714 1 3735 3750
1715 1 3735 3753
1716 1 3736 3750
1717 1 3736 3754
1718 1 3736 3883
1719 1 3737 3751
1720 1 3737 3752
1721 1 3737 3755
1722 1 3738 3752
1723 1 3738 3753
1724 1 3738 3756
1725 1 3739 3753
1726 1 3739 3754
1727 1 3739 3757
1728 1 3740 3754
1729 1 3740 3758
1730 1 3740 3887
1731 1 3741 3755
1732 1 3741 3756
1733 1 3741 3759
1734 1 3742 3756
1735 1 3742 3757
1736 1 3742 3760
1737 1 3743 3757
1738 1 3743 3758
1739 1 3744 3759
1740 1 3744 3760
1741 1 3747 4113
1742 1 3751 4116
1743 1 3755 4120
1744 1 3759 4124
1745 1 3761 3778
1746 1 3761 3822
1747 1 3761 3907
1748 1 3762 3777
1749 1 3762 3780
1750 1 3762 3824
1751 1 3763 3777
1752 1 3763 3778
1753 1 3763 3781
1754 1 3764 3778
1755 1 3764 3782
1756 1 3764 3911
1757 1 3765 3779
1758 1 3765 3780
1759 1 3765 3783
1760 1 3766 3780
1761 1 3766 3781
1762 1 3766 3784
1763 1 3767 3781
1764 1 3767 3782
1765 1 3767 3785
1766 1 3768 3782
1767 1 3768 3786
1768 1 3768 3915
1769 1 3769 3783
1770 1 3769 3784
1771 1 3769 3787
1772 1 3770 3784
1773 1 3770 3785
1774 1 3770 3788
1775 1 3771 3785
1776 1 3771 3786
1777 1 3771 3789
1778 1 3772 3786
1779 1 3772 3790
1780 1 3772 3919
1781 1 3773 3787
1782 1 3773 3788
1783 1 3773 3791
1784 1 3774 3788
1785 1 3774 3789
1786 1 3774 3792
1787 1 3775 3789
1788 1 3775 3790
1789 1 3775 3873
1790 1 3776 3791
1791 1 3776 3792
1792 1 3776 3875
1793 1 3777 3807
1794 1 3779 3808
1795 1 3790 3857
1796 1 3792 3858
1797 1 3793 3810
1798 1 3793 3854
1799 1 3793 3939
1800 1 3794 3809
1801 1 3794 3812
1802 1 3794 3856
1803 1 3795 3809
1804 1 3795 3810
1805 1 3795 3813
1806 1 3796 3810
1807 1 3796 3814
1808 1 3796 3943
1809 1 3797 3811
1810 1 3797 3812
1811 1 3797 3815
1812 1 3798 3812
1813 1 3798 3813
1814 1 3798 3816
1815 1 3799 3813
1816 1 3799 3814
1817 1 3799 3817
1818 1 3800 3814
1819 1 3800 3818
1820 1 3800 3947
1821 1 3801 3815
1822 1 3801 3816
1823 1 3801 3819
1824 1 3802 3816
1825 1 3802 3817
1826 1 3802 3820
1827 1 3803 3817
1828 1 3803 3818
1829 1 3803 3821
1830 1 3804 3818
1831 1 3804 3822
1832 1 3804 3951
1833 1 3805 3819
1834 1 3805 3820
1835 1 3805 3823
1836 1 3806 3820
1837 1 3806 3821
1838 1 3806 3824
1839 1 3807 3821
1840 1 3807 3822
1841 1 3808 3823
1842 1 3808 3824
1843 1 3809 3839
1844 1 3811 3840
1845 1 3825 3842
1846 1 3825 3886
1847 1 3825 3971
1848 1 3826 3841
1849 1 3826 3844
1850 1 3826 3888
1851 1 3827 3841
1852 1 3827 3842
1853 1 3827 3845
1854 1 3828 3842
1855 1 3828 3846
1856 1 3828 3975
1857 1 3829 3843
1858 1 3829 3844
1859 1 3829 3847
1860 1 3830 3844
1861 1 3830 3845
1862 1 3830 3848
1863 1 3831 3845
1864 1 3831 3846
1865 1 3831 3849
1866 1 3832 3846
1867 1 3832 3850
1868 1 3832 3979
1869 1 3833 3847
1870 1 3833 3848
1871 1 3833 3851
1872 1 3834 3848
1873 1 3834 3849
1874 1 3834 3852
1875 1 3835 3849
1876 1 3835 3850
1877 1 3835 3853
1878 1 3836 3850
1879 1 3836 3854
1880 1 3836 3983
1881 1 3837 3851
1882 1 3837 3852
1883 1 3837 3855
1884 1 3838 3852
1885 1 3838 3853
1886 1 3838 3856
1887 1 3839 3853
1888 1 3839 3854
1889 1 3840 3855
1890 1 3840 3856
1891 1 3841 3871
1892 1 3843 3872
1893 1 3857 3874
1894 1 3857 4003
1895 1 3858 3873
1896 1 3858 3876
1897 1 3859 3873
1898 1 3859 3874
1899 1 3859 3877
1900 1 3860 3874
1901 1 3860 3878
1902 1 3860 4007
1903 1 3861 3875
1904 1 3861 3876
1905 1 3861 3879
1906 1 3862 3876
1907 1 3862 3877
1908 1 3862 3880
1909 1 3863 3877
1910 1 3863 3878
1911 1 3863 3881
1912 1 3864 3878
1913 1 3864 3882
1914 1 3864 4011
1915 1 3865 3879
1916 1 3865 3880
1917 1 3865 3883
1918 1 3866 3880
1919 1 3866 3881
1920 1 3866 3884
1921 1 3867 3881
1922 1 3867 3882
1923 1 3867 3885
1924 1 3868 3882
1925 1 3868 3886
1926 1 3868 4015
1927 1 3869 3883
1928 1 3869 3884
1929 1 3869 3887
1930 1 3870 3884
1931 1 3870 3885
1932 1 3870 3888
1933 1 3871 3885
1934 1 3871 3886
1935 1 3872 3887
1936 1 3872 3888
1937 1 3889 3906
1938 1 3889 3950
1939 1 3889 4035
1940 1 3890 3905
1941 1 3890 3908
1942 1 3890 3952
1943 1 3891 3905
1944 1 3891 3906
1945 1 3891 3909
1946 1 3892 3906
1947 1 3892 3910
1948 1 3892 4039
1949 1 3893 3907
1950 1 3893 3908
1951 1 3893 3911
1952 1 3894 3908
1953 1 3894 3909
1954 1 3894 3912
1955 1 3895 3909
1956 1 3895 3910
1957 1 3895 3913
1958 1 3896 3910
1959 1 3896 3914
1960 1 3896 4043
1961 1 3897 3911
1962 1 3897 3912
1963 1 3897 3915
1964 1 3898 3912
1965 1 3898 3913
1966 1 3898 3916
1967 1 3899 3913
1968 1 3899 3914
1969 1 3899 3917
1970 1 3900 3914
1971 1 3900 3918
1972 1 3900 4047
1973 1 3901 3915
1974 1 3901 3916
1975 1 3901 3919
1976 1 3902 3916
1977 1 3902 3917
1978 1 3902 3920
1979 1 3903 3917
1980 1 3903 3918
1981 1 3903 4001
1982 1 3904 3919
1983 1 3904 3920
1984 1 3904 4003
1985 1 3905 3935
1986 1 3907 3936
1987 1 3918 3985
1988 1 3920 3986
1989 1 3921 3938
1990 1 3921 3982
1991 1 3921 4067
1992 1 3922 3937
1993 1 3922 3940
1994 1 3922 3984
1995 1 3923 3937
1996 1 3923 3938
1997 1 3923 3941
1998 1 3924 3938
1999 1 3924 3942
2000 1 3924 4071
2001 1 3925 3939
2002 1 3925 3940
2003 1 3925 3943
2004 1 3926 3940
2005 1 3926 3941
2006 1 3926 3944
2007 1 3927 3941
2008 1 3927 3942
2009 1 3927 3945
2010 1 3928 3942
2011 1 3928 3946
2012 1 3928 4075
2013 1 3929 3943
2014 1 3929 3944
2015 1 3929 3947
2016 1 3930 3944
2017 1 3930 3945
2018 1 3930 3948
2019 1 3931 3945
2020 1 3931 3946
2021 1 3931 3949
2022 1 3932 3946
2023 1 3932 3950
2024 1 3932 4079
2025 1 3933 3947
2026 1 3933 3948
2027 1 3933 3951
2028 1 3934 3948
2029 1 3934 3949
2030 1 3934 3952
2031 1 3935 3949
2032 1 3935 3950
2033 1 3936 3951
2034 1 3936 3952
2035 1 3937 3967
2036 1 3939 3968
2037 1 3953 3970
2038 1 3953 4014
2039 1 3953 4099
2040 1 3954 3969
2041 1 3954 3972
2042 1 3954 4016
2043 1 3955 3969
2044 1 3955 3970
2045 1 3955 3973
2046 1 3956 3970
2047 1 3956 3974
2048 1 3956 4103
2049 1 3957 3971
2050 1 3957 3972
2051 1 3957 3975
2052 1 3958 3972
2053 1 3958 3973
2054 1 3958 3976
2055 1 3959 3973
2056 1 3959 3974
2057 1 3959 3977
2058 1 3960 3974
2059 1 3960 3978
2060 1 3960 4107
2061 1 3961 3975
2062 1 3961 3976
2063 1 3961 3979
2064 1 3962 3976
2065 1 3962 3977
2066 1 3962 3980
2067 1 3963 3977
2068 1 3963 3978
2069 1 3963 3981
2070 1 3964 3978
2071 1 3964 3982
2072 1 3964 4111
2073 1 3965 3979
2074 1 3965 3980
2075 1 3965 3983
2076 1 3966 3980
2077 1 3966 3981
2078 1 3966 3984
2079 1 3967 3981
2080 1 3967 3982
2081 1 3968 3983
2082 1 3968 3984
2083 1 3969 3999
2084 1 3971 4000
2085 1 3985 4002
2086 1 3985 4131
2087 1 3986 4001
2088 1 3986 4004
2089 1 3987 4001
2090 1 3987 4002
2091 1 3987 4005
2092 1 3988 4002
2093 1 3988 4006
2094 1 3988 4135
2095 1 3989 4003
2096 1 3989 4004
2097 1 3989 4007
2098 1 3990 4004
2099 1 3990 4005
2100 1 3990 4008
2101 1 3991 4005
2102 1 3991 4006
2103 1 3991 4009
2104 1 3992 4006
2105 1 3992 4010
2106 1 3992 4139
2107 1 3993 4007
2108 1 3993 4008
2109 1 3993 4011
2110 1 3994 4008
2111 1 3994 4009
2112 1 3994 4012
2113 1 3995 4009
2114 1 3995 4010
2115 1 3995 4013
2116 1 3996 4010
2117 1 3996 4014
2118 1 3996 4143
2119 1 3997 4011
2120 1 3997 4012
2121 1 3997 4015
2122 1 3998 4012
2123 1 3998 4013
2124 1 3998 4016
2125 1 3999 4013
2126 1 3999 4014
2127 1 4000 4015
2128 1 4000 4016
2129 1 4017 4034
2130 1 4017 4078
2131 1 4018 4033
2132 1 4018 4036
2133 1 4018 4080
2134 1 4019 4033
2135 1 4019 4034
2136 1 4019 4037
2137 1 4020 4034
2138 1 4020 4038
2139 1 4021 4035
2140 1 4021 4036
2141 1 4021 4039
2142 1 4022 4036
2143 1 4022 4037
2144 1 4022 4040
2145 1 4023 4037
2146 1 4023 4038
2147 1 4023 4041
2148 1 4024 4038
2149 1 4024 4042
2150 1 4025 4039
2151 1 4025 4040
2152 1 4025 4043
2153 1 4026 4040
2154 1 4026 4041
2155 1 4026 4044
2156 1 4027 4041
2157 1 4027 4042
2158 1 4027 4045
2159 1 4028 4042
2160 1 4028 4046
2161 1 4029 4043
2162 1 4029 4044
2163 1 4029 4047
2164 1 4030 4044
2165 1 4030 4045
2166 1 4030 4048
2167 1 4031 4045
2168 1 4031 4046
2169 1 4031 4129
2170 1 4032 4047
2171 1 4032 4048
2172 1 4032 4131
2173 1 4033 4063
2174 1 4035 4064
2175 1 4046 4113
2176 1 4048 4114
2177 1 4049 4066
2178 1 4049 4110
2179 1 4050 4065
2180 1 4050 4068
2181 1 4050 4112
2182 1 4051 4065
2183 1 4051 4066
2184 1 4051 4069
2185 1 4052 4066
2186 1 4052 4070
2187 1 4053 4067
2188 1 4053 4068
2189 1 4053 4071
2190 1 4054 4068
2191 1 4054 4069
2192 1 4054 4072
2193 1 4055 4069
2194 1 4055 4070
2195 1 4055 4073
2196 1 4056 4070
2197 1 4056 4074
2198 1 4057 4071
2199 1 4057 4072
2200 1 4057 4075
2201 1 4058 4072
2202 1 4058 4073
2203 1 4058 4076
2204 1 4059 4073
2205 1 4059 4074
2206 1 4059 4077
2207 1 4060 4074
2208 1 4060 4078
2209 1 4061 4075
2210 1 4061 4076
2211 1 4061 4079
2212 1 4062 4076
2213 1 4062 4077
2214 1 4062 4080
2215 1 4063 4077
2216 1 4063 4078
2217 1 4064 4079
2218 1 4064 4080
2219 1 4065 4095
2220 1 4067 4096
2221 1 4081 4098
2222 1 4081 4142
2223 1 4082 4097
2224 1 4082 4100
2225 1 4082 4144
2226 1 4083 4097
2227 1 4083 4098
2228 1 4083 4101
2229 1 4084 4098
2230 1 4084 4102
2231 1 4085 4099
2232 1 4085 4100
2233 1 4085 4103
2234 1 4086 4100
2235 1 4086 4101
2236 1 4086 4104
2237 1 4087 4101
2238 1 4087 4102
2239 1 4087 4105
2240 1 4088 4102
2241 1 4088 4106
2242 1 4089 4103
2243 1 4089 4104
2244 1 4089 4107
2245 1 4090 4104
2246 1 4090 4105
2247 1 4090 4108
2248 1 4091 4105
2249 1 4091 4106
2250 1 4091 4109
2251 1 4092 4106
2252 1 4092 4110
2253 1 4093 4107
2254 1 4093 4108
2255 1 4093 4111
2256 1 4094 4108
2257 1 4094 4109
2258 1 4094 4112
2259 1 4095 4109
2260 1 4095 4110
2261 1 4096 4111
2262 1 4096 4112
2263 1 4097 4127
2264 1 4099 4128
2265 1 4113 4130
2266 1 4114 4129
2267 1 4114 4132
2268 1 4115 4129
2269 1 4115 4130
2270 1 4115 4133
2271 1 4116 4130
2272 1 4116 4134
2273 1 4117 4131
2274 1 4117 4132
2275 1 4117 4135
2276 1 4118 4132
2277 1 4118 4133
2278 1 4118 4136
2279 1 4119 4133
2280 1 4119 4134
2281 1 4119 4137
2282 1 4120 4134
2283 1 4120 4138
2284 1 4121 4135
2285 1 4121 4136
2286 1 4121 4139
2287 1 4122 4136
2288 1 4122 4137
2289 1 4122 4140
2290 1 4123 4137
2291 1 4123 4138
2292 1 4123 4141
2293 1 4124 4138
2294 1 4124 4142
2295 1 4125 4139
2296 1 4125 4140
2297 1 4125 4143
2298 1 4126 4140
2299 1 4126 4141
2300 1 4126 4144
2301 1 4127 4141
2302 1 4127 4142
2303 1 4128 4143
2304 1 4128 4144
2305 1 5449 5466
2306 1 5449 5510
2307 1 5449 5595
2308 1 5450 5465
2309 1 5450 5468
2310 1 5450 5512
2311 1 5451 5465
2312 1 5451 5466
2313 1 5451 5469
2314 1 5452 5466
2315 1 5452 5470
2316 1 5452 5599
2317 1 5453 5467
2318 1 5453 5468
2319 1 5453 5471
2320 1 5454 5468
2321 1 5454 5469
2322 1 5454 5472
2323 1 5455 5469
2324 1 5455 5470
2325 1 5455 5473
2326 1 5456 5470
2327 1 5456 5474
2328 1 5456 5603
2329 1 5457 5471
2330 1 5457 5472
2331 1 5457 5475
2332 1 5458 5472
2333 1 5458 5473
2334 1 5458 5476
2335 1 5459 5473
2336 1 5459 5474
2337 1 5459 5477
2338 1 5460 5474
2339 1 5460 5478
2340 1 5460 5607
2341 1 5461 5475
2342 1 5461 5476
2343 1 5461 5479
2344 1 5462 5476
2345 1 5462 5477
2346 1 5462 5480
2347 1 5463 5477
2348 1 5463 5478
2349 1 5463 5561
2350 1 5464 5479
2351 1 5464 5480
2352 1 5464 5563
2353 1 5465 5495
2354 1 5467 5496
2355 1 5467 5833
2356 1 5471 5836
2357 1 5475 5840
2358 1 5478 5545
2359 1 5479 5844
2360 1 5480 5546
2361 1 5481 5498
2362 1 5481 5542
2363 1 5481 5627
2364 1 5482 5497
2365 1 5482 5500
2366 1 5482 5544
2367 1 5483 5497
2368 1 5483 5498
2369 1 5483 5501
2370 1 5484 5498
2371 1 5484 5502
2372 1 5484 5631
2373 1 5485 5499
2374 1 5485 5500
2375 1 5485 5503
2376 1 5486 5500
2377 1 5486 5501
2378 1 5486 5504
2379 1 5487 5501
2380 1 5487 5502
2381 1 5487 5505
2382 1 5488 5502
2383 1 5488 5506
2384 1 5488 5635
2385 1 5489 5503
2386 1 5489 5504
2387 1 5489 5507
2388 1 5490 5504
2389 1 5490 5505
2390 1 5490 5508
2391 1 5491 5505
2392 1 5491 5506
2393 1 5491 5509
2394 1 5492 5506
2395 1 5492 5510
2396 1 5492 5639
2397 1 5493 5507
2398 1 5493 5508
2399 1 5493 5511
2400 1 5494 5508
2401 1 5494 5509
2402 1 5494 5512
2403 1 5495 5509
2404 1 5495 5510
2405 1 5496 5511
2406 1 5496 5512
2407 1 5497 5527
2408 1 5499 5528
2409 1 5499 5865
2410 1 5503 5868
2411 1 5507 5872
2412 1 5511 5876
2413 1 5513 5530
2414 1 5513 5574
2415 1 5513 5659
2416 1 5514 5529
2417 1 5514 5532
2418 1 5514 5576
2419 1 5515 5529
2420 1 5515 5530
2421 1 5515 5533
2422 1 5516 5530
2423 1 5516 5534
2424 1 5516 5663
2425 1 5517 5531
2426 1 5517 5532
2427 1 5517 5535
2428 1 5518 5532
2429 1 5518 5533
2430 1 5518 5536
2431 1 5519 5533
2432 1 5519 5534
2433 1 5519 5537
2434 1 5520 5534
2435 1 5520 5538
2436 1 5520 5667
2437 1 5521 5535
2438 1 5521 5536
2439 1 5521 5539
2440 1 5522 5536
2441 1 5522 5537
2442 1 5522 5540
2443 1 5523 5537
2444 1 5523 5538
2445 1 5523 5541
2446 1 5524 5538
2447 1 5524 5542
2448 1 5524 5671
2449 1 5525 5539
2450 1 5525 5540
2451 1 5525 5543
2452 1 5526 5540
2453 1 5526 5541
2454 1 5526 5544
2455 1 5527 5541
2456 1 5527 5542
2457 1 5528 5543
2458 1 5528 5544
2459 1 5529 5559
2460 1 5531 5560
2461 1 5531 5897
2462 1 5535 5900
2463 1 5539 5904
2464 1 5543 5908
2465 1 5545 5562
2466 1 5545 5691
2467 1 5546 5561
2468 1 5546 5564
2469 1 5547 5561
2470 1 5547 5562
2471 1 5547 5565
2472 1 5548 5562
2473 1 5548 5566
2474 1 5548 5695
2475 1 5549 5563
2476 1 5549 5564
2477 1 5549 5567
2478 1 5550 5564
2479 1 5550 5565
2480 1 5550 5568
2481 1 5551 5565
2482 1 5551 5566
2483 1 5551 5569
2484 1 5552 5566
2485 1 5552 5570
2486 1 5552 5699
2487 1 5553 5567
2488 1 5553 5568
2489 1 5553 5571
2490 1 5554 5568
2491 1 5554 5569
2492 1 5554 5572
2493 1 5555 5569
2494 1 5555 5570
2495 1 5555 5573
2496 1 5556 5570
2497 1 5556 5574
2498 1 5556 5703
2499 1 5557 5571
2500 1 5557 5572
2501 1 5557 5575
2502 1 5558 5572
2503 1 5558 5573
2504 1 5558 5576
2505 1 5559 5573
2506 1 5559 5574
2507 1 5560 5575
2508 1 5560 5576
2509 1 5563 5929
2510 1 5567 5932
2511 1 5571 5936
2512 1 5575 5940
2513 1 5577 5594
2514 1 5577 5638
2515 1 5577 5723
2516 1 5578 5593
2517 1 5578 5596
2518 1 5578 5640
2519 1 5579 5593
2520 1 5579 5594
2521 1 5579 5597
2522 1 5580 5594
2523 1 5580 5598
2524 1 5580 5727
2525 1 5581 5595
2526 1 5581 5596
2527 1 5581 5599
2528 1 5582 5596
2529 1 5582 5597
2530 1 5582 5600
2531 1 5583 5597
2532 1 5583 5598
2533 1 5583 5601
2534 1 5584 5598
2535 1 5584 5602
2536 1 5584 5731
2537 1 5585 5599
2538 1 5585 5600
2539 1 5585 5603
2540 1 5586 5600
2541 1 5586 5601
2542 1 5586 5604
2543 1 5587 5601
2544 1 5587 5602
2545 1 5587 5605
2546 1 5588 5602
2547 1 5588 5606
2548 1 5588 5735
2549 1 5589 5603
2550 1 5589 5604
2551 1 5589 5607
2552 1 5590 5604
2553 1 5590 5605
2554 1 5590 5608
2555 1 5591 5605
2556 1 5591 5606
2557 1 5591 5689
2558 1 5592 5607
2559 1 5592 5608
2560 1 5592 5691
2561 1 5593 5623
2562 1 5595 5624
2563 1 5606 5673
2564 1 5608 5674
2565 1 5609 5626
2566 1 5609 5670
2567 1 5609 5755
2568 1 5610 5625
2569 1 5610 5628
2570 1 5610 5672
2571 1 5611 5625
2572 1 5611 5626
2573 1 5611 5629
2574 1 5612 5626
2575 1 5612 5630
2576 1 5612 5759
2577 1 5613 5627
2578 1 5613 5628
2579 1 5613 5631
2580 1 5614 5628
2581 1 5614 5629
2582 1 5614 5632
2583 1 5615 5629
2584 1 5615 5630
2585 1 5615 5633
2586 1 5616 5630
2587 1 5616 5634
2588 1 5616 5763
2589 1 5617 5631
2590 1 5617 5632
2591 1 5617 5635
2592 1 5618 5632
2593 1 5618 5633
2594 1 5618 5636
2595 1 5619 5633
2596 1 5619 5634
2597 1 5619 5637
2598 1 5620 5634
2599 1 5620 5638
2600 1 5620 5767
2601 1 5621 5635
2602 1 5621 5636
2603 1 5621 5639
2604 1 5622 5636
2605 1 5622 5637
2606 1 5622 5640
2607 1 5623 5637
2608 1 5623 5638
2609 1 5624 5639
2610 1 5624 5640
2611 1 5625 5655
2612 1 5627 5656
2613 1 5641 5658
2614 1 5641 5702
2615 1 5641 5787
2616 1 5642 5657
2617 1 5642 5660
2618 1 5642 5704
2619 1 5643 5657
2620 1 5643 5658
2621 1 5643 5661
2622 1 5644 5658
2623 1 5644 5662
2624 1 5644 5791
2625 1 5645 5659
2626 1 5645 5660
2627 1 5645 5663
2628 1 5646 5660
2629 1 5646 5661
2630 1 5646 5664
2631 1 5647 5661
2632 1 5647 5662
2633 1 5647 5665
2634 1 5648 5662
2635 1 5648 5666
2636 1 5648 5795
2637 1 5649 5663
2638 1 5649 5664
2639 1 5649 5667
2640 1 5650 5664
2641 1 5650 5665
2642 1 5650 5668
2643 1 5651 5665
2644 1 5651 5666
2645 1 5651 5669
2646 1 5652 5666
2647 1 5652 5670
2648 1 5652 5799
2649 1 5653 5667
2650 1 5653 5668
2651 1 5653 5671
2652 1 5654 5668
2653 1 5654 5669
2654 1 5654 5672
2655 1 5655 5669
2656 1 5655 5670
2657 1 5656 5671
2658 1 5656 5672
2659 1 5657 5687
2660 1 5659 5688
2661 1 5673 5690
2662 1 5673 5819
2663 1 5674 5689
2664 1 5674 5692
2665 1 5675 5689
2666 1 5675 5690
2667 1 5675 5693
2668 1 5676 5690
2669 1 5676 5694
2670 1 5676 5823
2671 1 5677 5691
2672 1 5677 5692
2673 1 5677 5695
2674 1 5678 5692
2675 1 5678 5693
2676 1 5678 5696
2677 1 5679 5693
2678 1 5679 5694
2679 1 5679 5697
2680 1 5680 5694
2681 1 5680 5698
2682 1 5680 5827
2683 1 5681 5695
2684 1 5681 5696
2685 1 5681 5699
2686 1 5682 5696
2687 1 5682 5697
2688 1 5682 5700
2689 1 5683 5697
2690 1 5683 5698
2691 1 5683 5701
2692 1 5684 5698
2693 1 5684 5702
2694 1 5684 5831
2695 1 5685 5699
2696 1 5685 5700
2697 1 5685 5703
2698 1 5686 5700
2699 1 5686 5701
2700 1 5686 5704
2701 1 5687 5701
2702 1 5687 5702
2703 1 5688 5703
2704 1 5688 5704
2705 1 5705 5722
2706 1 5705 5766
2707 1 5705 5851
2708 1 5706 5721
2709 1 5706 5724
2710 1 5706 5768
2711 1 5707 5721
2712 1 5707 5722
2713 1 5707 5725
2714 1 5708 5722
2715 1 5708 5726
2716 1 5708 5855
2717 1 5709 5723
2718 1 5709 5724
2719 1 5709 5727
2720 1 5710 5724
2721 1 5710 5725
2722 1 5710 5728
2723 1 5711 5725
2724 1 5711 5726
2725 1 5711 5729
2726 1 5712 5726
2727 1 5712 5730
2728 1 5712 5859
2729 1 5713 5727
2730 1 5713 5728
2731 1 5713 5731
2732 1 5714 5728
2733 1 5714 5729
2734 1 5714 5732
2735 1 5715 5729
2736 1 5715 5730
2737 1 5715 5733
2738 1 5716 5730
2739 1 5716 5734
2740 1 5716 5863
2741 1 5717 5731
2742 1 5717 5732
2743 1 5717 5735
2744 1 5718 5732
2745 1 5718 5733
2746 1 5718 5736
2747 1 5719 5733
2748 1 5719 5734
2749 1 5719 5817
2750 1 5720 5735
2751 1 5720 5736
2752 1 5720 5819
2753 1 5721 5751
2754 1 5723 5752
2755 1 5734 5801
2756 1 5736 5802
2757 1 5737 5754
2758 1 5737 5798
2759 1 5737 5883
2760 1 5738 5753
2761 1 5738 5756
2762 1 5738 5800
2763 1 5739 5753
2764 1 5739 5754
2765 1 5739 5757
2766 1 5740 5754
2767 1 5740 5758
2768 1 5740 5887
2769 1 5741 5755
2770 1 5741 5756
2771 1 5741 5759
2772 1 5742 5756
2773 1 5742 5757
2774 1 5742 5760
2775 1 5743 5757
2776 1 5743 5758
2777 1 5743 5761
2778 1 5744 5758
2779 1 5744 5762
2780 1 5744 5891
2781 1 5745 5759
2782 1 5745 5760
2783 1 5745 5763
2784 1 5746 5760
2785 1 5746 5761
2786 1 5746 5764
2787 1 5747 5761
2788 1 5747 5762
2789 1 5747 5765
2790 1 5748 5762
2791 1 5748 5766
2792 1 5748 5895
2793 1 5749 5763
2794 1 5749 5764
2795 1 5749 5767
2796 1 5750 5764
2797 1 5750 5765
2798 1 5750 5768
2799 1 5751 5765
2800 1 5751 5766
2801 1 5752 5767
2802 1 5752 5768
2803 1 5753 5783
2804 1 5755 5784
2805 1 5769 5786
2806 1 5769 5830
2807 1 5769 5915
2808 1 5770 5785
2809 1 5770 5788
2810 1 5770 5832
2811 1 5771 5785
2812 1 5771 5786
2813 1 5771 5789
2814 1 5772 5786
2815 1 5772 5790
2816 1 5772 5919
2817 1 5773 5787
2818 1 5773 5788
2819 1 5773 5791
2820 1 5774 5788
2821 1 5774 5789
2822 1 5774 5792
2823 1 5775 5789
2824 1 5775 5790
2825 1 5775 5793
2826 1 5776 5790
2827 1 5776 5794
2828 1 5776 5923
2829 1 5777 5791
2830 1 5777 5792
2831 1 5777 5795
2832 1 5778 5792
2833 1 5778 5793
2834 1 5778 5796
2835 1 5779 5793
2836 1 5779 5794
2837 1 5779 5797
2838 1 5780 5794
2839 1 5780 5798
2840 1 5780 5927
2841 1 5781 5795
2842 1 5781 5796
2843 1 5781 5799
2844 1 5782 5796
2845 1 5782 5797
2846 1 5782 5800
2847 1 5783 5797
2848 1 5783 5798
2849 1 5784 5799
2850 1 5784 5800
2851 1 5785 5815
2852 1 5787 5816
2853 1 5801 5818
2854 1 5801 5947
2855 1 5802 5817
2856 1 5802 5820
2857 1 5803 5817
2858 1 5803 5818
2859 1 5803 5821
2860 1 5804 5818
2861 1 5804 5822
2862 1 5804 5951
2863 1 5805 5819
2864 1 5805 5820
2865 1 5805 5823
2866 1 5806 5820
2867 1 5806 5821
2868 1 5806 5824
2869 1 5807 5821
2870 1 5807 5822
2871 1 5807 5825
2872 1 5808 5822
2873 1 5808 5826
2874 1 5808 5955
2875 1 5809 5823
2876 1 5809 5824
2877 1 5809 5827
2878 1 5810 5824
2879 1 5810 5825
2880 1 5810 5828
2881 1 5811 5825
2882 1 5811 5826
2883 1 5811 5829
2884 1 5812 5826
2885 1 5812 5830
2886 1 5812 5959
2887 1 5813 5827
2888 1 5813 5828
2889 1 5813 5831
2890 1 5814 5828
2891 1 5814 5829
2892 1 5814 5832
2893 1 5815 5829
2894 1 5815 5830
2895 1 5816 5831
2896 1 5816 5832
2897 1 5833 5850
2898 1 5833 5894
2899 1 5834 5849
2900 1 5834 5852
2901 1 5834 5896
2902 1 5835 5849
2903 1 5835 5850
2904 1 5835 5853
2905 1 5836 5850
2906 1 5836 5854
2907 1 5837 5851
2908 1 5837 5852
2909 1 5837 5855
2910 1 5838 5852
2911 1 5838 5853
2912 1 5838 5856
2913 1 5839 5853
2914 1 5839 5854
2915 1 5839 5857
2916 1 5840 5854
2917 1 5840 5858
2918 1 5841 5855
2919 1 5841 5856
2920 1 5841 5859
2921 1 5842 5856
2922 1 5842 5857
2923 1 5842 5860
2924 1 5843 5857
2925 1 5843 5858
2926 1 5843 5861
2927 1 5844 5858
2928 1 5844 5862
2929 1 5845 5859
2930 1 5845 5860
2931 1 5845 5863
2932 1 5846 5860
2933 1 5846 5861
2934 1 5846 5864
2935 1 5847 5861
2936 1 5847 5862
2937 1 5847 5945
2938 1 5848 5863
2939 1 5848 5864
2940 1 5848 5947
2941 1 5849 5879
2942 1 5851 5880
2943 1 5862 5929
2944 1 5864 5930
2945 1 5865 5882
2946 1 5865 5926
2947 1 5866 5881
2948 1 5866 5884
2949 1 5866 5928
2950 1 5867 5881
2951 1 5867 5882
2952 1 5867 5885
2953 1 5868 5882
2954 1 5868 5886
2955 1 5869 5883
2956 1 5869 5884
2957 1 5869 5887
2958 1 5870 5884
2959 1 5870 5885
2960 1 5870 5888
2961 1 5871 5885
2962 1 5871 5886
2963 1 5871 5889
2964 1 5872 5886
2965 1 5872 5890
2966 1 5873 5887
2967 1 5873 5888
2968 1 5873 5891
2969 1 5874 5888
2970 1 5874 5889
2971 1 5874 5892
2972 1 5875 5889
2973 1 5875 5890
2974 1 5875 5893
2975 1 5876 5890
2976 1 5876 5894
2977 1 5877 5891
2978 1 5877 5892
2979 1 5877 5895
2980 1 5878 5892
2981 1 5878 5893
2982 1 5878 5896
2983 1 5879 5893
2984 1 5879 5894
2985 1 5880 5895
2986 1 5880 5896
2987 1 5881 5911
2988 1 5883 5912
2989 1 5897 5914
2990 1 5897 5958
2991 1 5898 5913
2992 1 5898 5916
2993 1 5898 5960
2994 1 5899 5913
2995 1 5899 5914
2996 1 5899 5917
2997 1 5900 5914
2998 1 5900 5918
2999 1 5901 5915
3000 1 5901 5916
3001 1 5901 5919
3002 1 5902 5916
3003 1 5902 5917
3004 1 5902 5920
3005 1 5903 5917
3006 1 5903 5918
3007 1 5903 5921
3008 1 5904 5918
3009 1 5904 5922
3010 1 5905 5919
3011 1 5905 5920
3012 1 5905 5923
3013 1 5906 5920
3014 1 5906 5921
3015 1 5906 5924
3016 1 5907 5921
3017 1 5907 5922
3018 1 5907 5925
3019 1 5908 5922
3020 1 5908 5926
3021 1 5909 5923
3022 1 5909 5924
3023 1 5909 5927
3024 1 5910 5924
3025 1 5910 5925
3026 1 5910 5928
3027 1 5911 5925
3028 1 5911 5926
3029 1 5912 5927
3030 1 5912 5928
3031 1 5913 5943
3032 1 5915 5944
3033 1 5929 5946
3034 1 5930 5945
3035 1 5930 5948
3036 1 5931 5945
3037 1 5931 5946
3038 1 5931 5949
3039 1 5932 5946
3040 1 5932 5950
3041 1 5933 5947
3042 1 5933 5948
3043 1 5933 5951
3044 1 5934 5948
3045 1 5934 5949
3046 1 5934 5952
3047 1 5935 5949
3048 1 5935 5950
3049 1 5935 5953
3050 1 5936 5950
3051 1 5936 5954
3052 1 5937 5951
3053 1 5937 5952
3054 1 5937 5955
3055 1 5938 5952
3056 1 5938 5953
3057 1 5938 5956
3058 1 5939 5953
3059 1 5939 5954
3060 1 5939 5957
3061 1 5940 5954
3062 1 5940 5958
3063 1 5941 5955
3064 1 5941 5956
3065 1 5941 5959
3066 1 5942 5956
3067 1 5942 5957
3068 1 5942 5960
3069 1 5943 5957
3070 1 5943 5958
3071 1 5944 5959
3072 1 5944 5960